Tijd,CO2,TempBME,RHBME,Press,Rvoc,PM2.5,PM10,TijdGPS,LengteGr,BreedteGr,Hoogte,Sensornummer
Tijd,CO2,TempBME,RHBME,Press,Rvoc,PM2.5,PM10,TijdGPS,LengteGr,BreedteGr,Hoogte,Sensornummer
1.13,1082.5,22.94,58.96,1017.03,73.76,0.0,0.0,26;9;26;17;34;7,4° 47.87303' E,50° 50.87999' N,58.6,10
2.13,858.0,22.7,58.9,1017.05,107.4,2.7,7.8,26;9;26;17;35;7,4° 47.87178' E,50° 50.8776' N,55.05,10
3.13,743.0,22.39,59.47,1017.06,137.17,2.5,5.5,26;9;26;17;36;7,4° 47.87051' E,50° 50.87859' N,53.4,10
4.13,707.5,22.1,59.85,1017.06,157.74,2.2,3.8,26;9;26;17;37;4,4° 47.86903' E,50° 50.8782' N,51.9,10
5.13,692.0,21.88,60.37,1017.06,170.09,2.1,5.9,26;9;26;17;38;4,4° 47.87058' E,50° 50.87897' N,50.5,10
6.13,678.0,21.7,60.77,1017.06,179.24,1.9,3.6,26;9;26;17;39;4,4° 47.86947' E,50° 50.88059' N,50.25,10
7.13,673.0,21.57,61.07,1017.05,185.55,2.0,3.5,26;9;26;17;40;4,4° 47.8691' E,50° 50.87991' N,50.85,10
8.13,668.0,21.46,61.2,1017.04,189.76,2.7,11.4,26;9;26;17;41;4,4° 47.87077' E,50° 50.8808' N,50.8,10
9.13,664.5,21.36,61.49,1017.03,194.28,2.3,5.8,26;9;26;17;42;4,4° 47.87035' E,50° 50.88098' N,53.7,10
10.13,665.0,21.22,62.0,1017.05,196.65,2.8,7.0,26;9;26;17;43;4,4° 47.87008' E,50° 50.88375' N,54.4,10
11.13,663.0,21.11,62.21,1017.06,199.74,2.4,5.0,26;9;26;17;44;4,4° 47.86933' E,50° 50.87881' N,48.6,10
12.13,663.0,20.97,62.62,1017.08,201.44,2.2,3.3,26;9;26;17;44;55,4° 47.86814' E,50° 50.88542' N,55.15,10
Tijd,CO2,TempBME,RHBME,Press,Rvoc,PM2.5,PM10,TijdGPS,LengteGr,BreedteGr,Hoogte,Sensornummer
1.13,776.0,17.22,51.49,892.06,16.11,0.0,0.0,26;9;29;7;58;32,0,0,0,10
2.13,804.5,16.22,53.9,892.02,33.91,9.2,59.4,26;9;29;7;59;29,0,0,0,10
3.13,864.5,16.0,52.55,892.01,61.36,10.6,50.2,26;9;29;8;0;29,0,0,0,10
4.13,833.0,15.41,55.31,892.01,83.75,7.0,42.0,26;9;29;8;1;29,10° 58.0762' E,47° 3.91029' N,1178.9,10
Tijd,CO2,TempBME,RHBME,Press,Rvoc,PM2.5,PM10,TijdGPS,LengteGr,BreedteGr,Hoogte,Sensornummer
1.12,810.5,14.21,54.56,892.14,119.2,10.0,70.3,26;9;29;8;3;9,10° 58.07334' E,47° 3.90737' N,1183.4,10
2.12,806.5,13.37,55.77,892.11,136.21,7.4,45.9,26;9;29;8;4;9,10° 58.07374' E,47° 3.90444' N,1181.9,10
3.12,797.0,12.57,58.6,892.11,153.54,7.8,41.0,26;9;29;8;5;9,10° 58.07139' E,47° 3.90697' N,1182.65,10
4.12,788.0,12.12,59.16,892.09,166.39,7.7,43.8,26;9;29;8;6;9,10° 58.0717' E,47° 3.90574' N,1178.1,10
5.12,788.5,11.61,61.66,892.09,176.61,7.4,34.3,26;9;29;8;7;9,10° 58.07304' E,47° 3.90504' N,1171.85,10
6.12,785.0,11.28,62.73,892.1,184.65,6.4,37.0,26;9;29;8;8;9,10° 58.073' E,47° 3.90441' N,1177.0,10
7.12,775.0,11.1,62.36,892.1,189.54,7.6,30.0,26;9;29;8;9;9,10° 58.07256' E,47° 3.9022' N,1185.0,10
8.12,775.0,11.16,62.27,892.1,195.6,6.1,26.2,26;9;29;8;10;9,10° 58.07008' E,47° 3.90589' N,1180.4,10
9.12,774.5,11.07,62.66,892.11,201.01,8.4,28.3,26;9;29;8;11;9,10° 58.07283' E,47° 3.9056' N,1175.2,10
10.12,782.5,10.87,63.65,892.11,205.38,8.2,38.9,26;9;29;8;12;9,10° 58.07147' E,47° 3.90385' N,1173.7,10
11.12,788.0,10.78,63.84,892.11,208.82,6.1,31.4,26;9;29;8;13;9,10° 58.07338' E,47° 3.9034' N,1175.05,10
12.12,787.0,10.53,65.15,892.11,211.56,8.2,24.9,26;9;29;8;14;9,10° 58.07174' E,47° 3.90348' N,1176.3,10
13.12,781.5,10.06,67.08,892.1,214.65,6.9,38.8,26;9;29;8;15;9,10° 58.07203' E,47° 3.90562' N,1179.3,10
14.12,774.0,9.84,67.82,892.1,216.2,6.7,32.9,26;9;29;8;16;9,10° 58.0731' E,47° 3.90383' N,1175.8,10
Tijd,CO2,TempBME,RHBME,Press,Rvoc,PM2.5,PM10,TijdGPS,LengteGr,BreedteGr,Hoogte,Sensornummer
1.13,629.5,20.25,40.19,813.38,62.61,0.0,0.0,0;0;0;0;0;0,0,0,0,10
2.13,807.0,20.24,40.09,813.39,94.75,3.4,27.5,0;0;0;0;0;0,0,0,0,10
3.13,830.0,20.24,40.17,813.37,126.21,0.8,2.4,0;0;0;0;0;0,0,0,0,10
4.13,773.5,20.26,39.79,813.37,150.73,1.0,2.6,0;0;0;0;0;0,0,0,0,10
5.13,746.5,20.28,39.59,813.38,168.47,0.6,3.0,0;0;0;0;0;0,0,0,0,10
6.13,718.0,20.32,39.5,813.38,181.86,0.5,1.0,0;0;0;0;0;0,0,0,0,10
7.13,694.5,20.37,39.33,813.38,190.31,0.5,1.2,0;0;0;0;0;0,0,0,0,10
8.13,689.5,20.41,38.87,813.38,198.54,0.6,1.9,0;0;0;0;0;0,0,0,0,10
9.13,691.5,20.46,38.88,813.37,205.32,1.1,3.8,0;0;0;0;0;0,0,0,0,10
10.13,705.5,20.56,38.78,813.37,210.15,0.4,1.3,0;0;0;0;0;0,0,0,0,10
11.13,771.5,20.65,38.88,813.34,212.65,0.7,2.1,0;0;0;0;0;0,0,0,0,10
12.13,836.0,20.79,39.69,813.35,213.2,2.2,10.7,0;0;0;0;0;0,0,0,0,10
13.13,838.5,20.94,39.65,813.35,214.03,1.7,12.4,0;0;0;0;0;0,0,0,0,10
14.13,816.0,21.06,39.56,813.35,215.0,0.6,2.7,0;0;0;0;0;0,0,0,0,10
15.13,808.5,21.16,39.38,813.36,215.91,0.9,4.6,0;0;0;0;0;0,0,0,0,10
16.13,816.5,21.25,39.71,813.36,216.83,0.6,3.5,0;0;0;0;0;0,0,0,0,10
17.13,859.5,21.35,39.44,813.34,217.48,0.7,2.4,0;0;0;0;0;0,0,0,0,10
18.13,904.0,21.46,39.56,813.35,217.91,1.0,4.7,0;0;0;0;0;0,0,0,0,10
19.13,914.0,21.56,39.69,813.35,218.48,0.8,7.8,0;0;0;0;0;0,0,0,0,10
20.13,953.0,21.67,39.8,813.34,217.69,0.7,2.7,0;0;0;0;0;0,0,0,0,10
21.13,1009.0,21.77,39.86,813.33,217.12,0.6,1.8,0;0;0;0;0;0,0,0,0,10
22.13,1042.5,21.86,39.9,813.33,217.83,1.0,2.3,0;0;0;0;0;0,0,0,0,10
23.13,1050.5,21.94,39.57,813.33,218.05,0.6,2.3,0;0;0;0;0;0,0,0,0,10
24.13,1072.0,22.0,39.63,813.33,218.12,0.9,3.0,0;0;0;0;0;0,0,0,0,10
25.13,1070.5,22.04,39.47,813.34,218.55,1.0,4.1,0;0;0;0;0;0,0,0,0,10
26.13,1026.5,22.07,39.31,813.34,218.77,1.1,9.4,0;0;0;0;0;0,0,0,0,10
27.13,1013.0,22.1,39.11,813.33,220.3,0.6,1.6,0;0;0;0;0;0,0,0,0,10
28.13,996.5,22.14,39.19,813.34,220.01,1.3,4.5,0;0;0;0;0;0,0,0,0,10
29.13,988.0,22.17,39.18,813.34,220.08,0.7,2.1,0;0;0;0;0;0,0,0,0,10
30.13,981.0,22.19,39.01,813.32,220.45,0.9,5.0,0;0;0;0;0;0,0,0,0,10
31.13,982.5,22.22,39.06,813.31,220.01,0.6,2.6,0;0;0;0;0;0,0,0,0,10
32.13,985.5,22.25,39.07,813.31,220.45,0.6,3.4,0;0;0;0;0;0,0,0,0,10
33.13,1002.0,22.27,38.79,813.32,221.78,0.6,2.4,0;0;0;0;0;0,0,0,0,10
34.13,998.5,22.3,38.89,813.32,221.85,0.7,1.4,0;0;0;0;0;0,0,0,0,10
35.13,978.5,22.31,38.68,813.29,222.3,0.6,2.2,0;0;0;0;0;0,0,0,0,10
36.13,951.5,22.33,38.67,813.27,222.98,0.7,2.5,0;0;0;0;0;0,0,0,0,10
37.13,923.5,22.34,38.56,813.28,223.2,0.5,0.9,0;0;0;0;0;0,0,0,0,10
38.13,913.5,22.36,38.6,813.27,223.66,0.5,1.3,0;0;0;0;0;0,0,0,0,10
39.13,897.0,22.38,38.39,813.23,224.11,0.5,1.2,0;0;0;0;0;0,0,0,0,10
40.13,892.0,22.39,38.26,813.22,225.26,0.6,1.4,0;0;0;0;0;0,0,0,0,10
41.13,879.0,22.39,38.23,813.23,225.41,0.4,1.2,0;0;0;0;0;0,0,0,0,10
42.13,866.5,22.41,38.07,813.22,226.18,0.6,1.0,0;0;0;0;0;0,0,0,0,10
43.13,859.5,22.41,38.0,813.21,226.41,0.5,0.9,0;0;0;0;0;0,0,0,0,10
44.13,835.0,22.41,38.01,813.21,227.35,0.6,2.8,0;0;0;0;0;0,0,0,0,10
45.13,825.0,22.43,37.84,813.2,226.49,0.7,1.7,0;0;0;0;0;0,0,0,0,10
46.13,814.5,22.42,37.81,813.2,228.45,0.6,1.3,0;0;0;0;0;0,0,0,0,10
47.13,808.0,22.45,37.75,813.18,228.92,0.4,1.1,0;0;0;0;0;0,0,0,0,10
48.13,804.0,22.47,37.6,813.17,229.0,0.5,1.9,0;0;0;0;0;0,0,0,0,10
49.13,800.5,22.45,37.34,813.17,230.52,0.5,1.2,0;0;0;0;0;0,0,0,0,10
50.13,799.0,22.45,37.3,813.17,231.57,0.7,2.0,0;0;0;0;0;0,0,0,0,10
51.13,794.0,22.46,37.32,813.17,230.68,0.4,0.8,0;0;0;0;0;0,0,0,0,10
52.13,783.5,22.48,37.13,813.15,232.22,0.6,1.2,0;0;0;0;0;0,0,0,0,10
53.13,777.5,22.47,37.13,813.15,232.95,0.5,0.9,0;0;0;0;0;0,0,0,0,10
54.13,768.0,22.47,37.12,813.14,231.73,0.4,0.7,0;0;0;0;0;0,0,0,0,10
55.13,760.5,22.48,37.09,813.13,233.04,0.5,0.9,0;0;0;0;0;0,0,0,0,10
56.13,757.5,22.5,36.8,813.13,233.12,0.6,1.1,0;0;0;0;0;0,0,0,0,10
57.13,753.0,22.51,36.85,813.12,234.44,0.5,0.8,0;0;0;0;0;0,0,0,0,10
58.13,753.0,22.52,36.68,813.12,233.37,0.5,1.8,0;0;0;0;0;0,0,0,0,10
59.13,753.0,22.51,36.7,813.12,234.61,0.5,1.0,0;0;0;0;0;0,0,0,0,10
60.13,752.5,22.51,36.62,813.11,235.44,0.6,1.0,0;0;0;0;0;0,0,0,0,10
61.13,745.0,22.53,36.65,813.12,235.02,1.0,2.1,0;0;0;0;0;0,0,0,0,10
62.13,739.0,22.54,36.48,813.1,234.44,1.2,2.1,0;0;0;0;0;0,0,0,0,10
63.13,736.5,22.54,36.35,813.09,235.36,0.5,0.9,0;0;0;0;0;0,0,0,0,10
64.13,737.0,22.54,36.28,813.07,235.28,0.8,1.3,0;0;0;0;0;0,0,0,0,10
65.13,740.0,22.54,36.27,813.08,236.96,0.5,0.7,0;0;0;0;0;0,0,0,0,10
66.13,738.0,22.56,36.22,813.08,237.39,0.7,1.2,0;0;0;0;0;0,0,0,0,10
67.13,731.5,22.57,36.11,813.07,237.64,0.4,0.7,0;0;0;0;0;0,0,0,0,10
68.13,732.0,22.57,36.07,813.06,238.16,0.8,1.5,0;0;0;0;0;0,0,0,0,10
69.13,731.0,22.58,35.94,813.07,237.39,0.5,1.6,0;0;0;0;0;0,0,0,0,10
70.13,728.0,22.57,35.94,813.05,238.67,0.6,1.4,0;0;0;0;0;0,0,0,0,10
71.13,728.5,22.59,35.97,813.05,237.39,0.6,1.2,0;0;0;0;0;0,0,0,0,10
72.13,728.5,22.59,35.81,813.04,238.07,0.5,1.3,0;0;0;0;0;0,0,0,0,10
73.13,727.0,22.58,35.82,813.05,238.93,0.4,0.7,0;0;0;0;0;0,0,0,0,10
74.13,726.0,22.6,35.81,813.05,239.11,0.5,0.8,0;0;0;0;0;0,0,0,0,10
75.13,725.0,22.62,35.73,813.06,240.06,0.6,0.8,0;0;0;0;0;0,0,0,0,10
76.13,724.0,22.64,35.65,813.06,238.93,0.6,1.1,0;0;0;0;0;0,0,0,0,10
77.13,715.5,22.64,35.51,813.06,240.06,0.5,0.6,0;0;0;0;0;0,0,0,0,10
78.13,717.0,22.63,35.58,813.07,240.15,0.5,1.1,0;0;0;0;0;0,0,0,0,10
79.13,723.0,22.63,35.54,813.07,239.45,0.5,1.1,0;0;0;0;0;0,0,0,0,10
80.13,724.0,22.61,35.44,813.07,241.55,0.9,2.1,0;0;0;0;0;0,0,0,0,10
81.13,720.0,22.64,35.46,813.08,241.46,0.6,0.9,0;0;0;0;0;0,0,0,0,10
82.13,719.0,22.65,35.45,813.07,240.58,0.4,1.1,0;0;0;0;0;0,0,0,0,10
83.13,719.5,22.67,35.3,813.08,239.97,0.5,2.3,0;0;0;0;0;0,0,0,0,10
84.13,717.0,22.67,35.29,813.08,241.11,0.6,0.8,0;0;0;0;0;0,0,0,0,10
85.13,715.5,22.68,35.23,813.09,242.0,0.4,0.5,0;0;0;0;0;0,0,0,0,10
86.13,713.0,22.69,35.18,813.1,240.94,0.4,0.5,0;0;0;0;0;0,0,0,0,10
87.13,712.5,22.69,35.07,813.09,240.15,0.6,0.7,0;0;0;0;0;0,0,0,0,10
88.13,712.0,22.7,34.99,813.1,241.64,0.4,0.7,0;0;0;0;0;0,0,0,0,10
89.13,704.5,22.7,34.95,813.1,243.69,0.6,1.3,0;0;0;0;0;0,0,0,0,10
90.13,706.0,22.69,34.91,813.1,242.79,0.6,1.2,0;0;0;0;0;0,0,0,0,10
91.13,712.5,22.71,34.95,813.1,241.73,0.6,0.9,0;0;0;0;0;0,0,0,0,10
92.13,711.0,22.74,34.94,813.1,243.87,0.7,1.8,0;0;0;0;0;0,0,0,0,10
93.13,707.0,22.76,34.88,813.1,244.32,0.4,0.7,0;0;0;0;0;0,0,0,0,10
94.13,707.0,22.78,34.85,813.1,244.77,0.5,0.7,0;0;0;0;0;0,0,0,0,10
95.13,706.0,22.79,34.79,813.09,242.26,0.6,1.0,0;0;0;0;0;0,0,0,0,10
96.13,707.5,22.79,34.6,813.09,242.44,0.6,1.3,0;0;0;0;0;0,0,0,0,10
97.13,706.0,22.79,34.52,813.08,242.26,0.5,1.2,0;0;0;0;0;0,0,0,0,10
98.13,702.0,22.8,34.61,813.09,245.77,0.6,2.0,0;0;0;0;0;0,0,0,0,10
99.13,705.0,22.81,34.63,813.08,243.15,0.7,1.5,0;0;0;0;0;0,0,0,0,10
100.13,705.0,22.81,34.52,813.08,244.59,0.4,0.7,0;0;0;0;0;0,0,0,0,10
101.13,706.5,22.83,34.58,813.09,244.68,0.5,1.0,0;0;0;0;0;0,0,0,0,10
102.13,706.5,22.84,34.51,813.09,245.95,0.7,1.6,0;0;0;0;0;0,0,0,0,10
103.13,704.5,22.88,34.53,813.1,244.23,0.5,0.8,0;0;0;0;0;0,0,0,0,10
104.13,702.5,22.9,34.47,813.12,243.6,0.6,0.9,0;0;0;0;0;0,0,0,0,10
105.13,697.5,22.92,34.41,813.12,245.22,0.5,0.9,0;0;0;0;0;0,0,0,0,10
106.13,697.5,22.94,34.4,813.13,245.41,0.6,1.4,0;0;0;0;0;0,0,0,0,10
107.13,699.0,22.95,34.38,813.12,243.42,0.5,1.0,0;0;0;0;0;0,0,0,0,10
108.13,699.5,22.96,34.38,813.11,244.23,0.8,5.1,0;0;0;0;0;0,0,0,0,10
109.13,698.5,22.98,34.36,813.12,243.15,0.6,1.2,0;0;0;0;0;0,0,0,0,10
110.13,697.0,22.98,34.25,813.11,243.16,0.6,1.3,0;0;0;0;0;0,0,0,0,10
111.13,700.0,23.0,34.28,813.11,245.04,0.5,1.0,0;0;0;0;0;0,0,0,0,10
112.13,698.0,23.02,34.29,813.13,244.05,0.8,5.2,0;0;0;0;0;0,0,0,0,10
113.13,699.0,23.05,34.39,813.13,241.37,0.5,0.8,0;0;0;0;0;0,0,0,0,10
114.13,712.5,23.1,34.38,813.15,243.6,0.9,2.2,0;0;0;0;0;0,0,0,0,10
115.13,729.0,23.12,34.38,813.13,243.42,0.8,2.0,0;0;0;0;0;0,0,0,0,10
116.13,743.5,23.15,34.42,813.13,242.97,0.7,2.4,0;0;0;0;0;0,0,0,0,10
Tijd,CO2,TempBME,RHBME,Press,Rvoc,PM2.5,PM10,TijdGPS,LengteGr,BreedteGr,Hoogte,Sensornummer
Tijd,CO2,TempBME,RHBME,Press,Rvoc,PM2.5,PM10,TijdGPS,LengteGr,BreedteGr,Hoogte,Sensornummer
Tijd,CO2,TempBME,RHBME,Press,Rvoc,PM2.5,PM10,TijdGPS,LengteGr,BreedteGr,Hoogte,Sensornummer
1.13,254.0,25.41,29.85,813.48,142.87,0.9,4.3,26;9;29;13;28;4,11° 1.46544' E,46° 52.02515' N,1945.35,10
2.13,562.0,25.0,29.44,813.45,173.81,0.7,2.0,26;9;29;13;29;4,11° 1.47415' E,46° 52.01539' N,1941.9,10
3.13,639.0,24.68,30.48,813.45,196.2,1.0,1.9,26;9;29;13;30;4,11° 1.47133' E,46° 52.01576' N,1946.0,10
4.13,644.0,24.39,30.32,813.49,212.73,0.9,1.5,26;9;29;13;31;4,11° 1.47258' E,46° 52.01942' N,1945.55,10
5.13,640.5,23.89,29.19,813.5,229.32,0.7,1.3,26;9;29;13;32;4,11° 1.47239' E,46° 52.01986' N,1948.5,10
6.13,617.5,23.37,29.41,813.5,241.55,1.0,5.8,26;9;29;13;33;4,11° 1.47332' E,46° 52.01967' N,1949.1,10
7.13,619.5,23.02,29.75,813.5,250.8,0.7,1.3,26;9;29;13;34;4,11° 1.47238' E,46° 52.01834' N,1949.7,10
8.13,627.0,22.76,29.79,813.49,256.35,0.8,1.3,26;9;29;13;35;4,11° 1.47191' E,46° 52.01709' N,1943.9,10
9.13,637.0,22.53,30.36,813.5,263.29,0.7,1.3,26;9;29;13;36;4,11° 1.47298' E,46° 52.02005' N,1949.35,10
10.13,636.0,22.43,30.67,813.51,264.56,0.7,1.3,26;9;29;13;37;1,11° 1.47485' E,46° 52.01981' N,1954.05,10
11.13,628.0,22.27,30.37,813.52,268.64,0.7,1.7,26;9;29;13;38;1,11° 1.47439' E,46° 52.0202' N,1948.9,10
12.13,626.5,22.21,30.7,813.51,271.84,0.7,4.4,26;9;29;13;39;1,11° 1.47412' E,46° 52.0176' N,1951.6,10
13.13,627.0,22.22,31.14,813.49,272.07,0.9,1.4,26;9;29;13;40;1,11° 1.47389' E,46° 52.01825' N,1948.8,10
14.13,627.5,22.25,30.78,813.5,273.87,0.8,1.5,26;9;29;13;41;1,11° 1.47453' E,46° 52.01627' N,1950.6,10
15.13,630.5,22.22,31.33,813.5,274.89,1.1,2.3,26;9;29;13;42;1,11° 1.47259' E,46° 52.01536' N,1950.25,10
16.13,633.5,22.2,31.24,813.5,276.04,0.9,1.5,26;9;29;13;43;1,11° 1.47374' E,46° 52.01453' N,1949.6,10
17.13,643.0,22.19,31.21,813.5,276.39,1.1,1.7,26;9;29;13;44;1,11° 1.4743' E,46° 52.01618' N,1952.85,10
18.13,636.5,22.16,31.16,813.49,277.66,1.0,1.9,26;9;29;13;45;1,11° 1.47404' E,46° 52.01698' N,1952.25,10
19.13,627.5,22.08,31.25,813.48,278.25,1.0,1.6,26;9;29;13;46;1,11° 1.47317' E,46° 52.01769' N,1949.45,10
20.13,615.5,21.9,31.57,813.5,279.42,1.2,2.0,26;9;29;13;47;1,11° 1.47403' E,46° 52.01834' N,1953.1,10
21.13,624.5,21.39,32.83,813.51,280.49,1.1,2.3,26;9;29;13;48;1,11° 1.47338' E,46° 52.01864' N,1952.2,10
22.13,628.0,21.49,32.77,813.5,278.84,1.3,2.6,26;9;29;13;49;1,11° 1.4728' E,46° 52.01651' N,1950.65,10
23.13,626.5,21.64,32.95,813.51,277.08,1.3,1.7,26;9;29;13;50;1,11° 1.47258' E,46° 52.01596' N,1950.7,10
24.13,628.0,21.8,32.63,813.51,278.02,1.3,2.4,26;9;29;13;51;1,11° 1.47461' E,46° 52.01747' N,1952.6,10
25.13,628.0,21.87,32.52,813.5,277.32,1.0,2.3,26;9;29;13;52;1,11° 1.47297' E,46° 52.01622' N,1949.6,10
26.13,624.5,21.89,32.98,813.49,277.2,1.0,1.7,26;9;29;13;53;1,11° 1.47419' E,46° 52.01749' N,1950.95,10
27.13,624.5,21.64,33.08,813.5,277.9,1.2,2.3,26;9;29;13;54;1,11° 1.47354' E,46° 52.01648' N,1953.5,10
28.13,626.0,21.37,33.86,813.49,277.32,1.1,2.5,26;9;29;13;55;1,11° 1.47354' E,46° 52.01771' N,1947.55,10
29.13,628.0,21.44,33.8,813.48,276.5,1.2,3.3,26;9;29;13;56;1,11° 1.47275' E,46° 52.01591' N,1946.5,10
30.13,634.0,21.52,33.57,813.5,276.39,1.4,2.8,26;9;29;13;57;1,11° 1.47455' E,46° 52.01637' N,1948.0,10
31.13,634.0,21.57,33.84,813.52,275.7,1.0,2.9,26;9;29;13;58;1,11° 1.47415' E,46° 52.01638' N,1946.15,10
32.13,626.5,21.41,33.94,813.51,277.08,1.2,2.7,26;9;29;13;59;1,11° 1.47367' E,46° 52.01622' N,1941.8,10
33.13,632.5,21.2,35.6,813.52,274.89,1.1,2.0,26;9;29;14;0;1,11° 1.47521' E,46° 52.01648' N,1943.6,10
34.13,611.0,20.75,35.83,813.53,275.81,1.4,3.2,26;9;29;14;1;1,11° 1.47216' E,46° 52.01592' N,1944.5,10
35.13,607.5,20.22,36.33,813.53,277.55,1.8,3.1,26;9;29;14;2;1,11° 1.4737' E,46° 52.01688' N,1943.45,10
36.13,611.0,19.97,36.62,813.54,278.48,1.5,2.6,26;9;29;14;3;1,11° 1.47409' E,46° 52.01586' N,1946.1,10
37.13,611.0,20.1,36.55,813.54,278.02,1.6,4.1,26;9;29;14;4;1,11° 1.47352' E,46° 52.01611' N,1942.7,10
38.13,612.0,20.13,36.76,813.53,276.97,1.8,3.8,26;9;29;14;5;1,11° 1.47341' E,46° 52.01645' N,1946.0,10
39.13,614.0,20.06,37.57,813.54,276.16,1.6,4.0,26;9;29;14;6;1,11° 1.47285' E,46° 52.01566' N,1945.1,10
40.13,616.0,20.05,36.78,813.53,276.62,1.6,2.9,26;9;29;14;7;1,11° 1.47283' E,46° 52.01721' N,1947.5,10
41.13,619.5,19.87,37.29,813.54,276.39,1.6,5.2,26;9;29;14;8;1,11° 1.47257' E,46° 52.01644' N,1948.6,10
42.13,624.5,19.89,37.11,813.55,277.2,2.0,4.3,26;9;29;14;9;1,11° 1.47353' E,46° 52.01617' N,1950.1,10
43.13,630.5,19.85,38.32,813.56,275.81,1.3,3.2,26;9;29;14;10;1,11° 1.4728' E,46° 52.0163' N,1949.6,10
44.13,626.0,19.9,37.63,813.57,275.7,1.5,2.6,26;9;29;14;11;1,11° 1.47286' E,46° 52.01732' N,1947.1,10
45.13,626.5,19.9,38.49,813.59,274.44,2.1,8.5,26;9;29;14;12;1,11° 1.47304' E,46° 52.01463' N,1947.1,10
46.13,641.5,19.95,37.58,813.59,274.55,1.7,4.1,26;9;29;14;13;1,11° 1.47202' E,46° 52.01526' N,1944.9,10
47.13,632.5,19.84,36.44,813.57,278.84,1.6,2.6,26;9;29;14;14;1,11° 1.4726' E,46° 52.01581' N,1947.15,10
48.13,624.5,19.8,37.32,813.58,277.32,1.3,2.1,26;9;29;14;15;1,11° 1.47259' E,46° 52.01503' N,1948.95,10
49.13,626.0,19.85,38.25,813.59,273.64,1.2,3.4,26;9;29;14;16;1,11° 1.47221' E,46° 52.01473' N,1945.6,10
50.13,627.0,20.09,36.94,813.57,273.76,1.3,2.1,26;9;29;14;17;1,11° 1.47228' E,46° 52.01459' N,1942.5,10
51.13,626.0,20.22,37.77,813.58,271.95,1.5,2.4,26;9;29;14;18;1,11° 1.47298' E,46° 52.01579' N,1945.25,10
52.13,633.5,20.11,37.43,813.58,272.63,1.6,6.0,26;9;29;14;19;1,11° 1.47305' E,46° 52.01487' N,1946.6,10
53.13,636.0,19.95,37.36,813.6,274.67,1.4,2.9,26;9;29;14;20;1,11° 1.47338' E,46° 52.01792' N,1950.7,10
54.13,646.5,19.77,37.38,813.59,276.27,1.4,2.3,26;9;29;14;21;1,11° 1.47226' E,46° 52.01639' N,1951.5,10
55.13,634.0,19.76,37.42,813.59,276.27,1.6,3.4,26;9;29;14;22;1,11° 1.47239' E,46° 52.01416' N,1947.7,10
56.13,628.0,19.96,38.13,813.6,273.19,1.9,3.8,26;9;29;14;23;1,11° 1.47257' E,46° 52.01309' N,1941.2,10
57.13,629.5,20.14,38.88,813.61,269.73,1.7,4.7,26;9;29;14;24;1,11° 1.47309' E,46° 52.01499' N,1944.9,10
58.13,632.0,20.08,38.44,813.62,271.17,1.6,2.4,26;9;29;14;25;1,11° 1.47314' E,46° 52.01445' N,1942.95,10
59.13,647.5,20.12,38.09,813.63,270.95,2.3,4.2,26;9;29;14;26;1,11° 1.47388' E,46° 52.01596' N,1944.9,10
60.13,643.5,19.82,38.64,813.65,272.07,1.8,3.5,26;9;29;14;27;1,11° 1.47344' E,46° 52.01475' N,1944.75,10
61.13,641.0,19.61,39.4,813.66,272.29,1.8,4.6,26;9;29;14;28;1,11° 1.47252' E,46° 52.01501' N,1944.2,10
62.13,640.0,19.49,39.88,813.68,271.62,2.2,9.0,26;9;29;14;29;1,11° 1.47385' E,46° 52.01564' N,1942.3,10
63.13,640.5,19.51,39.84,813.68,271.73,2.1,4.7,26;9;29;14;30;1,11° 1.47461' E,46° 52.01636' N,1941.45,10
64.13,637.5,19.34,39.7,813.68,272.4,1.9,2.9,26;9;29;14;31;1,11° 1.47462' E,46° 52.01438' N,1940.4,10
65.13,633.0,19.43,40.05,813.69,270.62,1.8,2.8,26;9;29;14;32;1,11° 1.47337' E,46° 52.01548' N,1939.8,10
66.13,632.0,19.49,39.56,813.69,271.28,1.7,3.3,26;9;29;14;33;1,11° 1.47312' E,46° 52.01594' N,1944.5,10
67.13,629.5,19.43,39.92,813.69,270.51,3.0,16.4,26;9;29;14;34;1,11° 1.47333' E,46° 52.01656' N,1945.5,10
68.13,646.5,19.46,39.68,813.69,271.17,2.9,15.8,26;9;29;14;35;1,11° 1.47376' E,46° 52.01528' N,1942.85,10
69.13,638.5,19.32,40.53,813.68,270.07,1.8,2.6,26;9;29;14;36;1,11° 1.47305' E,46° 52.01514' N,1941.5,10
70.13,583.5,19.11,39.96,813.67,272.18,1.9,3.2,26;9;29;14;37;1,11° 1.47283' E,46° 52.01438' N,1941.8,10
71.13,605.0,19.09,40.55,813.67,271.06,2.2,5.0,26;9;29;14;38;1,11° 1.47282' E,46° 52.01406' N,1942.3,10
72.13,617.0,19.1,40.35,813.68,269.96,1.8,2.9,26;9;29;14;39;1,11° 1.47311' E,46° 52.01472' N,1944.3,10
73.13,625.0,19.0,40.18,813.67,271.4,1.8,3.3,26;9;29;14;40;1,11° 1.47397' E,46° 52.01528' N,1944.5,10
74.13,637.0,18.89,40.5,813.68,272.07,1.9,3.8,26;9;29;14;41;1,11° 1.47244' E,46° 52.01625' N,1944.45,10
75.13,633.0,18.81,41.47,813.69,271.73,1.7,3.3,26;9;29;14;42;1,11° 1.47447' E,46° 52.01521' N,1944.35,10
76.13,623.5,18.8,40.77,813.7,270.29,1.9,2.9,26;9;29;14;43;1,11° 1.47363' E,46° 52.01598' N,1943.6,10
77.13,633.0,18.8,40.73,813.71,271.62,1.8,2.9,26;9;29;14;44;1,11° 1.47297' E,46° 52.01618' N,1942.0,10
78.13,635.0,18.72,41.82,813.72,270.4,2.4,3.7,26;9;29;14;45;1,11° 1.47337' E,46° 52.01685' N,1942.35,10
79.13,635.5,18.36,43.01,813.72,269.95,1.8,2.8,26;9;29;14;46;1,11° 1.47476' E,46° 52.01617' N,1942.6,10
80.13,635.0,18.4,42.28,813.73,268.97,1.8,3.2,26;9;29;14;47;1,11° 1.47352' E,46° 52.01581' N,1941.4,10
81.13,635.5,18.57,41.55,813.73,269.41,1.9,6.2,26;9;29;14;48;1,11° 1.47401' E,46° 52.01622' N,1940.95,10
82.13,638.0,18.56,41.79,813.73,269.52,1.6,5.1,26;9;29;14;49;1,11° 1.47344' E,46° 52.01539' N,1938.2,10
83.13,638.5,18.49,41.86,813.73,270.07,1.9,5.2,26;9;29;14;50;1,11° 1.47442' E,46° 52.01507' N,1941.9,10
84.13,638.0,18.27,42.06,813.73,271.73,1.9,4.7,26;9;29;14;51;1,11° 1.47417' E,46° 52.01565' N,1940.9,10
85.13,640.0,18.32,42.16,813.74,271.06,2.2,4.2,26;9;29;14;52;1,11° 1.47403' E,46° 52.01526' N,1942.2,10
86.13,622.0,18.35,42.14,813.74,270.84,2.2,5.8,26;9;29;14;53;1,11° 1.47388' E,46° 52.01549' N,1941.7,10
87.13,626.5,18.38,42.3,813.74,269.96,2.2,5.3,26;9;29;14;54;1,11° 1.47341' E,46° 52.01564' N,1941.0,10
88.13,633.0,18.43,42.1,813.74,270.07,2.1,5.8,26;9;29;14;55;1,11° 1.47334' E,46° 52.01622' N,1942.2,10
89.13,629.5,18.48,42.04,813.74,269.08,2.1,5.0,26;9;29;14;56;1,11° 1.47293' E,46° 52.01599' N,1942.6,10
90.13,630.0,18.48,42.05,813.75,269.3,2.0,3.5,26;9;29;14;57;1,11° 1.47256' E,46° 52.01599' N,1939.6,10
91.13,624.0,18.43,41.65,813.75,270.07,2.0,5.9,26;9;29;14;58;1,11° 1.47321' E,46° 52.01624' N,1941.45,10
92.13,620.5,18.48,42.59,813.76,268.2,1.9,4.0,26;9;29;14;59;1,11° 1.47301' E,46° 52.01648' N,1943.2,10
93.13,616.5,18.31,42.14,813.76,270.18,2.0,3.2,26;9;29;15;0;1,11° 1.47269' E,46° 52.01636' N,1941.7,10
94.13,618.0,18.3,41.55,813.76,271.28,1.9,2.9,26;9;29;15;1;1,11° 1.47331' E,46° 52.01615' N,1942.6,10
95.13,619.0,18.36,41.44,813.78,272.07,2.2,5.5,26;9;29;15;2;1,11° 1.47367' E,46° 52.01595' N,1940.9,10
96.13,619.0,18.37,42.06,813.79,271.51,2.2,6.0,26;9;29;15;3;1,11° 1.47308' E,46° 52.01594' N,1944.8,10
97.13,622.0,18.44,42.19,813.79,269.84,1.9,4.0,26;9;29;15;4;1,11° 1.47297' E,46° 52.0161' N,1940.5,10
98.13,625.0,18.54,42.89,813.8,267.98,2.4,4.0,26;9;29;15;5;1,11° 1.47283' E,46° 52.01667' N,1941.95,10
99.13,626.5,18.62,43.31,813.81,265.62,2.5,4.8,26;9;29;15;6;1,11° 1.47356' E,46° 52.01619' N,1946.6,10
100.13,628.0,18.7,41.77,813.81,265.72,2.0,5.3,26;9;29;15;7;1,11° 1.47366' E,46° 52.01614' N,1946.75,10
101.13,628.0,18.6,41.74,813.82,267.88,2.1,3.2,26;9;29;15;8;1,11° 1.47429' E,46° 52.01582' N,1943.9,10
102.13,631.0,18.4,42.94,813.82,267.44,2.2,4.4,26;9;29;15;9;1,11° 1.47419' E,46° 52.01556' N,1944.1,10
103.13,633.0,18.03,43.42,813.82,269.19,2.0,4.0,26;9;29;15;10;1,11° 1.47448' E,46° 52.01492' N,1944.6,10
104.13,634.0,17.82,43.15,813.84,270.18,1.5,3.4,26;9;29;15;11;1,11° 1.47394' E,46° 52.01578' N,1943.7,10
105.13,628.5,17.76,43.39,813.85,270.95,1.9,3.3,26;9;29;15;12;1,11° 1.47396' E,46° 52.01603' N,1944.65,10
106.13,633.0,17.62,43.26,813.85,271.06,1.9,3.1,26;9;29;15;13;1,11° 1.47483' E,46° 52.01543' N,1944.3,10
107.13,631.0,17.68,43.1,813.85,271.06,2.1,3.2,26;9;29;15;14;1,11° 1.47328' E,46° 52.01692' N,1940.6,10
108.13,627.0,17.72,43.27,813.86,270.62,2.3,7.9,26;9;29;15;15;1,11° 1.47336' E,46° 52.01611' N,1943.15,10
109.13,627.5,17.76,42.98,813.87,270.29,2.3,3.5,26;9;29;15;16;1,11° 1.47377' E,46° 52.01607' N,1943.0,10
110.13,625.5,17.74,42.95,813.88,270.07,2.7,7.3,26;9;29;15;17;1,11° 1.47291' E,46° 52.01629' N,1944.9,10
111.13,625.0,17.61,43.37,813.88,271.62,1.8,5.5,26;9;29;15;18;1,11° 1.47447' E,46° 52.01563' N,1943.3,10
112.13,626.0,17.47,43.57,813.89,272.4,1.8,3.0,26;9;29;15;19;1,11° 1.47434' E,46° 52.01624' N,1945.9,10
113.13,628.0,17.39,43.67,813.91,272.51,1.9,4.1,26;9;29;15;20;1,11° 1.47379' E,46° 52.0162' N,1944.7,10
114.13,626.0,17.31,43.89,813.93,272.85,2.2,4.3,26;9;29;15;21;1,11° 1.47432' E,46° 52.01621' N,1943.3,10
115.13,623.5,17.21,44.02,813.93,273.64,1.8,3.0,26;9;29;15;22;1,11° 1.47332' E,46° 52.0165' N,1941.75,10
116.13,622.5,17.11,44.29,813.94,275.12,2.0,4.1,26;9;29;15;23;1,11° 1.4741' E,46° 52.01637' N,1941.2,10
117.13,621.0,16.97,44.57,813.94,275.35,2.9,17.2,26;9;29;15;24;1,11° 1.47316' E,46° 52.01624' N,1941.05,10
118.13,618.0,16.87,44.74,813.93,275.7,3.6,23.6,26;9;29;15;25;1,11° 1.47322' E,46° 52.01615' N,1941.25,10
119.13,618.5,16.8,45.28,813.93,275.81,2.0,7.7,26;9;29;15;26;1,11° 1.47501' E,46° 52.01462' N,1943.3,10
120.13,619.5,16.71,45.3,813.94,275.01,2.1,7.4,26;9;29;15;27;1,11° 1.47241' E,46° 52.01652' N,1941.4,10
121.13,621.5,16.64,45.41,813.95,276.04,2.1,10.3,26;9;29;15;28;1,11° 1.47288' E,46° 52.01631' N,1943.4,10
122.13,622.5,16.57,45.34,813.96,277.32,2.5,7.6,26;9;29;15;29;1,11° 1.47274' E,46° 52.01608' N,1945.85,10
123.13,621.5,16.47,45.47,813.96,277.78,2.0,3.4,26;9;29;15;30;1,11° 1.47186' E,46° 52.01686' N,1939.3,10
124.13,622.0,16.39,45.85,813.96,276.85,1.8,4.0,26;9;29;15;31;1,11° 1.47291' E,46° 52.01624' N,1939.9,10
125.13,623.0,16.3,46.31,813.97,276.04,2.1,5.5,26;9;29;15;32;1,11° 1.47121' E,46° 52.0166' N,1936.6,10
126.13,624.0,16.2,46.7,813.97,276.73,1.9,3.4,26;9;29;15;33;1,11° 1.47199' E,46° 52.01576' N,1941.0,10
127.13,626.5,16.09,46.56,813.99,276.97,2.1,3.5,26;9;29;15;34;1,11° 1.47281' E,46° 52.01575' N,1942.4,10
128.13,626.5,16.02,47.02,814.0,276.73,3.2,7.0,26;9;29;15;35;1,11° 1.47218' E,46° 52.01575' N,1942.4,10
129.13,625.0,15.95,46.95,814.0,277.08,2.2,11.4,26;9;29;15;36;1,11° 1.47199' E,46° 52.01587' N,1942.25,10
130.13,625.0,15.91,47.36,814.02,276.04,2.6,7.8,26;9;29;15;37;1,11° 1.47347' E,46° 52.01474' N,1943.05,10
131.13,625.0,15.88,47.27,814.02,277.08,2.7,5.0,26;9;29;15;38;1,11° 1.47273' E,46° 52.01593' N,1942.6,10
132.13,625.5,15.84,47.51,814.02,276.04,2.5,4.6,26;9;29;15;39;1,11° 1.47209' E,46° 52.01653' N,1938.5,10
133.13,623.5,15.78,47.94,814.04,275.47,2.2,7.3,26;9;29;15;40;1,11° 1.47193' E,46° 52.01603' N,1943.3,10
134.13,623.0,15.76,47.96,814.05,275.35,2.7,10.0,26;9;29;15;40;51,11° 1.47057' E,46° 52.01822' N,1938.9,10
135.13,625.5,15.74,47.82,814.05,275.81,2.5,11.5,26;9;29;15;42;1,11° 1.4721' E,46° 52.01594' N,1942.25,10
136.13,626.0,15.62,48.33,814.09,276.04,2.5,8.6,26;9;29;15;43;1,11° 1.47296' E,46° 52.01489' N,1944.6,10
137.13,627.0,15.53,48.43,814.08,276.62,3.4,19.3,26;9;29;15;44;1,11° 1.47003' E,46° 52.01907' N,1942.1,10
138.13,629.5,15.44,48.77,814.1,276.97,2.8,9.8,26;9;29;15;45;1,11° 1.4697' E,46° 52.01963' N,1940.55,10
139.13,628.5,15.38,48.68,814.1,276.85,2.6,12.6,26;9;29;15;46;1,11° 1.46968' E,46° 52.01848' N,1943.8,10
140.13,629.0,15.31,48.96,814.11,277.2,2.5,10.3,26;9;29;15;47;1,11° 1.46899' E,46° 52.01953' N,1936.1,10
141.13,628.5,15.24,49.26,814.14,275.93,2.3,7.8,26;9;29;15;48;1,11° 1.47034' E,46° 52.01767' N,1940.7,10
142.13,630.0,15.18,49.4,814.17,276.39,2.5,7.9,26;9;29;15;49;1,11° 1.46985' E,46° 52.01903' N,1940.45,10
143.13,630.5,15.11,50.06,814.18,275.01,2.6,7.4,26;9;29;15;50;1,11° 1.47151' E,46° 52.01775' N,1936.5,10
144.13,633.5,14.88,51.84,814.2,274.32,2.4,7.8,26;9;29;15;51;1,11° 1.47032' E,46° 52.01794' N,1940.75,10
145.13,634.0,14.72,52.15,814.21,274.32,2.4,5.3,26;9;29;15;52;1,11° 1.47151' E,46° 52.01724' N,1940.05,10
146.13,632.0,14.73,50.83,814.22,274.21,2.8,8.1,26;9;29;15;53;1,11° 1.47495' E,46° 52.01595' N,1941.3,10
147.13,632.0,14.79,50.34,814.22,276.04,3.2,9.8,26;9;29;15;54;1,11° 1.47499' E,46° 52.01449' N,1947.9,10
148.13,639.0,14.81,50.15,814.23,274.1,2.5,8.1,26;9;29;15;55;1,11° 1.47429' E,46° 52.01597' N,1946.4,10
149.13,635.0,14.8,50.29,814.23,274.78,2.5,6.3,26;9;29;15;56;1,11° 1.4742' E,46° 52.01469' N,1943.75,10
150.13,630.0,14.75,50.69,814.25,275.24,3.5,11.4,26;9;29;15;57;1,11° 1.47433' E,46° 52.01539' N,1942.8,10
151.13,628.0,14.68,51.12,814.26,275.12,2.2,13.1,26;9;29;15;58;1,11° 1.47499' E,46° 52.01627' N,1945.8,10
152.13,628.5,14.6,51.32,814.26,275.47,3.0,4.7,26;9;29;15;59;1,11° 1.47472' E,46° 52.01504' N,1944.75,10
153.13,630.0,14.51,51.93,814.27,274.1,2.5,5.0,26;9;29;16;0;1,11° 1.4732' E,46° 52.01838' N,1947.1,10
154.13,631.5,14.42,52.12,814.29,275.58,2.5,9.1,26;9;29;16;1;1,11° 1.47326' E,46° 52.01786' N,1948.0,10
155.13,635.0,14.34,52.7,814.28,275.12,2.6,12.8,26;9;29;16;2;1,11° 1.47465' E,46° 52.01644' N,1946.9,10
156.13,635.5,14.25,52.89,814.3,274.32,2.5,7.2,26;9;29;16;3;1,11° 1.47206' E,46° 52.01833' N,1949.3,10
157.13,637.0,14.16,53.08,814.31,274.32,2.4,9.3,26;9;29;16;4;1,11° 1.47282' E,46° 52.01802' N,1948.5,10
158.13,637.0,14.09,52.88,814.32,274.89,4.0,25.8,26;9;29;16;5;1,11° 1.47483' E,46° 52.01616' N,1946.8,10
159.13,637.0,14.05,53.02,814.32,275.7,2.9,6.2,26;9;29;16;6;1,11° 1.47187' E,46° 52.0179' N,1947.05,10
160.13,636.0,14.01,53.13,814.34,275.81,2.8,16.5,26;9;29;16;7;1,11° 1.4728' E,46° 52.01692' N,1943.95,10
161.13,640.5,13.97,53.42,814.35,275.47,3.1,7.5,26;9;29;16;8;1,11° 1.47506' E,46° 52.01615' N,1943.9,10
162.13,639.0,13.91,53.74,814.35,275.93,3.1,9.7,26;9;29;16;9;1,11° 1.47359' E,46° 52.01701' N,1944.4,10
163.13,641.0,13.83,53.89,814.36,276.62,2.1,6.1,26;9;29;16;10;1,11° 1.47168' E,46° 52.01648' N,1943.3,10
164.13,640.5,13.76,54.16,814.37,275.24,2.6,8.0,26;9;29;16;11;1,11° 1.47367' E,46° 52.01499' N,1942.6,10
165.13,639.0,13.71,54.05,814.38,276.5,4.1,29.3,26;9;29;16;12;1,11° 1.47318' E,46° 52.01728' N,1944.8,10
166.13,638.5,13.67,54.23,814.37,276.04,3.6,8.0,26;9;29;16;13;1,11° 1.47289' E,46° 52.0169' N,1946.1,10
167.13,637.0,13.67,53.84,814.37,277.2,2.6,9.6,26;9;29;16;14;1,11° 1.47345' E,46° 52.01717' N,1946.6,10
168.13,638.0,13.63,53.95,814.37,277.2,2.5,6.2,26;9;29;16;15;1,11° 1.47391' E,46° 52.01619' N,1945.2,10
169.13,640.0,13.59,54.18,814.37,276.73,3.1,9.0,26;9;29;16;16;1,11° 1.47448' E,46° 52.01491' N,1947.75,10
170.13,640.0,13.51,54.78,814.4,277.08,2.9,5.6,26;9;29;16;17;1,11° 1.47362' E,46° 52.01596' N,1946.4,10
171.13,637.0,13.41,55.48,814.42,275.93,3.0,9.5,26;9;29;16;18;1,11° 1.47405' E,46° 52.017' N,1949.35,10
172.13,637.0,13.35,55.14,814.42,277.32,2.7,7.5,26;9;29;16;19;1,11° 1.4745' E,46° 52.01584' N,1947.7,10
173.13,638.0,13.31,54.96,814.44,277.66,3.1,8.2,26;9;29;16;20;1,11° 1.47371' E,46° 52.01646' N,1946.0,10
174.13,640.5,13.26,55.64,814.44,277.32,3.2,7.9,26;9;29;16;21;1,11° 1.47482' E,46° 52.01505' N,1950.55,10
175.13,640.5,13.19,55.85,814.45,274.55,3.7,12.2,26;9;29;16;22;1,11° 1.47269' E,46° 52.0176' N,1950.1,10
176.13,641.0,13.16,55.75,814.46,277.32,3.5,9.1,26;9;29;16;23;1,11° 1.47338' E,46° 52.01657' N,1946.8,10
177.13,642.0,13.19,55.66,814.48,278.13,3.6,14.3,26;9;29;16;24;1,11° 1.47342' E,46° 52.01543' N,1942.8,10
178.13,641.0,13.26,55.43,814.49,279.66,2.6,3.7,26;9;29;16;25;1,11° 1.474' E,46° 52.01496' N,1945.4,10
179.13,644.0,13.21,55.66,814.49,278.48,2.8,8.8,26;9;29;16;26;1,11° 1.47404' E,46° 52.01711' N,1945.45,10
180.13,645.0,13.16,55.86,814.53,276.39,2.8,13.2,26;9;29;16;27;1,11° 1.47309' E,46° 52.01823' N,1944.2,10
181.13,646.5,13.11,56.14,814.54,276.85,2.9,11.7,26;9;29;16;28;1,11° 1.4746' E,46° 52.01579' N,1948.9,10
182.13,649.5,13.07,55.97,814.55,276.97,3.2,12.6,26;9;29;16;29;1,11° 1.47458' E,46° 52.01848' N,1948.5,10
183.13,650.5,12.99,56.22,814.57,277.57,2.8,7.8,26;9;29;16;30;1,11° 1.47366' E,46° 52.0186' N,1952.5,10
184.13,650.0,12.89,56.82,814.56,276.16,2.4,8.5,26;9;29;16;31;1,11° 1.47334' E,46° 52.0163' N,1950.9,10
185.13,650.0,12.8,57.0,814.58,276.16,3.1,7.1,26;9;29;16;32;1,11° 1.47508' E,46° 52.01463' N,1943.6,10
186.13,648.0,12.69,57.49,814.58,276.04,2.9,9.6,26;9;29;16;33;1,11° 1.4731' E,46° 52.017' N,1946.2,10
187.13,645.5,12.62,57.36,814.6,276.16,4.0,23.4,26;9;29;16;34;1,11° 1.47275' E,46° 52.01606' N,1946.4,10
188.13,648.0,12.58,57.44,814.61,275.7,2.4,8.7,26;9;29;16;35;1,11° 1.47347' E,46° 52.01564' N,1948.7,10
189.13,649.0,12.54,57.24,814.62,276.85,3.3,14.3,26;9;29;16;36;1,11° 1.47387' E,46° 52.01639' N,1947.2,10
190.13,648.0,12.51,57.47,814.63,277.32,3.9,16.8,26;9;29;16;37;1,11° 1.47464' E,46° 52.01572' N,1948.3,10
191.13,650.0,12.44,57.7,814.64,277.43,2.4,9.9,26;9;29;16;38;1,11° 1.47559' E,46° 52.0161' N,1943.8,10
192.13,650.0,12.38,58.1,814.64,277.9,3.1,9.7,26;9;29;16;39;1,11° 1.47487' E,46° 52.01606' N,1949.5,10
193.13,656.0,12.31,58.24,814.65,278.02,2.9,13.7,26;9;29;16;40;1,11° 1.47735' E,46° 52.01072' N,1945.75,10
194.13,661.0,12.26,58.28,814.65,278.25,3.0,10.7,26;9;29;16;41;1,11° 1.47453' E,46° 52.01524' N,1945.35,10
195.13,657.0,12.24,58.09,814.65,277.9,4.5,14.0,26;9;29;16;42;1,11° 1.47488' E,46° 52.01228' N,1944.05,10
196.13,654.0,12.22,58.27,814.66,278.37,3.7,22.3,26;9;29;16;43;1,11° 1.47634' E,46° 52.01386' N,1942.3,10
197.13,655.0,12.21,58.13,814.66,278.37,2.9,12.1,26;9;29;16;44;1,11° 1.47377' E,46° 52.01685' N,1946.7,10
198.13,656.0,12.21,57.78,814.67,278.95,2.7,7.0,26;9;29;16;45;1,11° 1.47483' E,46° 52.01634' N,1946.9,10
199.13,656.0,12.24,57.75,814.67,278.84,2.6,8.2,26;9;29;16;46;1,11° 1.47324' E,46° 52.01455' N,1945.1,10
200.13,656.0,12.23,58.1,814.68,278.6,2.5,8.6,26;9;29;16;47;1,11° 1.47313' E,46° 52.01615' N,1948.5,10
201.13,656.0,12.19,58.09,814.7,279.66,3.0,6.4,26;9;29;16;48;1,11° 1.47459' E,46° 52.01492' N,1944.2,10
202.13,657.0,12.18,58.08,814.71,279.07,2.9,8.4,26;9;29;16;49;1,11° 1.47243' E,46° 52.01649' N,1947.35,10
203.13,656.5,12.17,58.01,814.7,278.72,2.7,7.7,26;9;29;16;50;1,11° 1.47331' E,46° 52.01637' N,1947.7,10
204.13,657.0,12.18,58.06,814.71,278.72,2.7,5.2,26;9;29;16;51;1,11° 1.47348' E,46° 52.01291' N,1946.85,10
205.13,656.5,12.16,58.28,814.72,278.72,3.2,10.1,26;9;29;16;52;1,11° 1.47415' E,46° 52.01489' N,1945.8,10
206.13,654.5,12.11,59.0,814.73,278.13,3.0,8.8,26;9;29;16;53;1,11° 1.47327' E,46° 52.01391' N,1942.0,10
207.13,658.0,11.95,60.57,814.74,279.54,3.3,7.8,26;9;29;16;54;1,11° 1.473' E,46° 52.01553' N,1944.2,10
208.13,659.0,11.8,60.63,814.75,279.42,3.8,9.5,26;9;29;16;55;1,11° 1.47364' E,46° 52.01574' N,1945.8,10
209.13,659.0,11.8,59.58,814.75,279.54,3.8,22.7,26;9;29;16;56;1,11° 1.47445' E,46° 52.0153' N,1944.9,10
210.13,658.5,11.81,59.62,814.76,280.25,2.4,3.8,26;9;29;16;57;1,11° 1.47196' E,46° 52.01504' N,1946.0,10
211.13,658.0,11.83,59.76,814.76,280.02,3.2,10.4,26;9;29;16;58;1,11° 1.47363' E,46° 52.01735' N,1946.0,10
212.13,652.0,11.85,59.78,814.76,279.9,4.2,20.4,26;9;29;16;59;1,11° 1.47368' E,46° 52.01447' N,1944.6,10
213.13,648.5,11.87,59.42,814.76,281.33,2.9,6.6,26;9;29;17;0;1,11° 1.47221' E,46° 52.01746' N,1944.2,10
214.13,650.0,11.9,59.11,814.76,282.65,2.5,9.4,26;9;29;17;1;1,11° 1.47118' E,46° 52.01812' N,1948.8,10
215.13,654.0,11.84,59.09,814.77,283.13,2.9,7.3,26;9;29;17;2;1,11° 1.47154' E,46° 52.01826' N,1953.45,10
216.13,654.5,11.74,59.38,814.76,283.74,2.2,4.9,26;9;29;17;3;1,11° 1.47019' E,46° 52.01679' N,1952.1,10
217.13,655.5,11.63,59.76,814.74,283.26,2.2,4.9,26;9;29;17;4;1,11° 1.47273' E,46° 52.01662' N,1949.2,10
218.13,658.0,11.5,61.07,814.76,282.41,3.8,10.0,26;9;29;17;5;1,11° 1.47277' E,46° 52.01693' N,1947.4,10
219.13,661.5,11.48,60.23,814.77,283.5,4.0,8.3,26;9;29;17;6;1,11° 1.4729' E,46° 52.01619' N,1947.6,10
220.13,664.5,11.55,59.6,814.75,283.74,2.8,5.3,26;9;29;17;7;1,11° 1.47105' E,46° 52.01728' N,1950.9,10
221.13,663.5,11.55,59.23,814.74,285.58,2.3,4.5,26;9;29;17;8;1,11° 1.47326' E,46° 52.0164' N,1947.9,10
222.13,661.0,11.54,59.16,814.72,284.97,2.8,6.4,26;9;29;17;9;1,11° 1.47139' E,46° 52.01612' N,1947.15,10
223.13,662.5,11.49,59.21,814.72,286.32,2.3,5.6,26;9;29;17;10;1,11° 1.47119' E,46° 52.01685' N,1948.4,10
224.13,661.5,11.45,59.26,814.73,286.82,2.4,4.5,26;9;29;17;11;1,11° 1.47649' E,46° 52.01665' N,1944.0,10
225.13,660.0,11.38,59.65,814.74,286.57,2.2,4.3,26;9;29;17;12;1,11° 1.47329' E,46° 52.01851' N,1944.2,10
226.13,659.5,11.34,59.74,814.76,286.45,2.8,6.0,26;9;29;17;13;1,11° 1.4725' E,46° 52.0143' N,1947.7,10
227.13,661.0,11.21,60.46,814.76,286.82,2.0,3.8,26;9;29;17;14;1,11° 1.4729' E,46° 52.01582' N,1949.55,10
228.13,664.0,11.14,60.04,814.76,286.94,2.5,5.8,26;9;29;17;15;1,11° 1.47313' E,46° 52.01421' N,1943.3,10
229.13,665.5,11.13,59.77,814.76,287.19,2.2,5.8,26;9;29;17;16;1,11° 1.47327' E,46° 52.01577' N,1944.3,10
230.13,664.5,11.13,59.73,814.77,287.19,2.0,3.2,26;9;29;17;17;1,11° 1.47406' E,46° 52.01675' N,1944.2,10
231.13,658.5,11.13,59.78,814.77,287.94,2.0,4.2,26;9;29;17;18;1,11° 1.47284' E,46° 52.0159' N,1946.6,10
232.13,661.0,11.13,59.92,814.77,288.32,2.6,5.1,26;9;29;17;19;1,11° 1.4734' E,46° 52.01615' N,1947.15,10
233.13,660.0,11.08,60.11,814.78,289.08,2.0,3.9,26;9;29;17;20;1,11° 1.47329' E,46° 52.01483' N,1945.1,10
234.13,657.5,11.04,60.02,814.79,289.46,2.2,5.5,26;9;29;17;21;1,11° 1.47407' E,46° 52.01575' N,1943.2,10
235.13,657.5,11.0,60.34,814.79,290.47,1.8,3.7,26;9;29;17;22;1,11° 1.47442' E,46° 52.01536' N,1943.9,10
236.13,661.0,10.92,60.62,814.82,289.58,2.1,4.5,26;9;29;17;23;1,11° 1.47342' E,46° 52.01559' N,1947.7,10
237.13,662.0,10.84,60.9,814.82,289.96,2.7,7.8,26;9;29;17;24;1,11° 1.4748' E,46° 52.01814' N,1946.9,10
238.13,666.0,10.85,60.27,814.83,290.98,2.5,4.3,26;9;29;17;25;1,11° 1.47498' E,46° 52.01435' N,1944.5,10
239.13,666.0,10.88,60.31,814.83,290.22,1.9,3.4,26;9;29;17;26;1,11° 1.47416' E,46° 52.01701' N,1944.4,10
240.13,666.0,10.89,60.48,814.83,289.71,2.0,4.8,26;9;29;17;27;1,11° 1.47412' E,46° 52.01559' N,1943.0,10
241.13,661.5,10.85,60.61,814.85,290.35,2.1,4.6,26;9;29;17;28;1,11° 1.47456' E,46° 52.0165' N,1944.45,10
242.13,660.0,10.8,60.69,814.86,290.47,1.8,4.7,26;9;29;17;29;1,11° 1.47418' E,46° 52.01522' N,1944.4,10
243.13,660.0,10.77,60.77,814.87,292.27,2.0,4.9,26;9;29;17;30;1,11° 1.47408' E,46° 52.01616' N,1944.5,10
244.13,658.5,10.74,60.64,814.88,291.5,1.9,9.3,26;9;29;17;31;1,11° 1.47393' E,46° 52.01618' N,1945.6,10
245.13,656.5,10.74,60.58,814.88,291.88,2.2,4.8,26;9;29;17;32;1,11° 1.47439' E,46° 52.01746' N,1945.05,10
246.13,655.5,10.71,60.67,814.88,292.14,2.2,8.6,26;9;29;17;33;1,11° 1.47464' E,46° 52.01573' N,1947.3,10
247.13,656.5,10.67,60.77,814.87,292.01,2.1,3.9,26;9;29;17;34;1,11° 1.47354' E,46° 52.0161' N,1947.7,10
248.13,657.5,10.63,61.08,814.88,292.79,2.4,3.8,26;9;29;17;35;1,11° 1.47461' E,46° 52.01601' N,1944.2,10
249.13,661.0,10.54,61.4,814.88,292.01,1.8,3.3,26;9;29;17;36;1,11° 1.47464' E,46° 52.01605' N,1945.2,10
250.13,664.0,10.5,61.26,814.9,292.14,2.2,4.8,26;9;29;17;37;1,11° 1.4749' E,46° 52.01669' N,1942.7,10
251.13,664.5,10.45,61.57,814.9,292.53,2.5,5.8,26;9;29;17;38;1,11° 1.47405' E,46° 52.01654' N,1946.35,10
252.13,664.0,10.45,61.07,814.9,291.37,2.7,6.5,26;9;29;17;39;1,11° 1.47402' E,46° 52.01679' N,1945.1,10
253.13,664.0,10.43,61.26,814.9,291.63,2.0,5.4,26;9;29;17;40;1,11° 1.47288' E,46° 52.01714' N,1943.9,10
254.13,665.0,10.41,61.22,814.91,292.79,1.9,4.0,26;9;29;17;41;1,11° 1.47452' E,46° 52.01563' N,1945.1,10
255.13,667.0,10.37,61.28,814.91,293.57,1.8,3.6,26;9;29;17;42;1,11° 1.47408' E,46° 52.01688' N,1945.7,10
256.13,666.0,10.33,61.11,814.91,293.83,1.7,3.8,26;9;29;17;43;1,11° 1.47486' E,46° 52.01698' N,1944.8,10
257.13,664.0,10.36,61.01,814.93,293.05,3.0,5.1,26;9;29;17;44;1,11° 1.47339' E,46° 52.01644' N,1942.7,10
258.13,664.5,10.34,61.29,814.94,293.7,1.9,3.4,26;9;29;17;45;1,11° 1.47481' E,46° 52.01624' N,1944.2,10
259.13,663.0,10.36,61.33,814.95,293.31,2.2,4.6,26;9;29;17;46;1,11° 1.47419' E,46° 52.01631' N,1945.5,10
260.13,662.0,10.36,61.41,814.95,292.66,2.4,5.1,26;9;29;17;47;1,11° 1.47449' E,46° 52.01501' N,1945.9,10
261.13,656.0,10.36,61.17,814.94,294.09,1.9,4.9,26;9;29;17;48;1,11° 1.47356' E,46° 52.01659' N,1946.4,10
262.13,660.0,10.27,61.87,814.96,295.14,2.4,6.8,26;9;29;17;49;1,11° 1.47404' E,46° 52.01734' N,1945.0,10
263.13,659.0,10.17,61.99,814.96,295.14,1.9,3.6,26;9;29;17;50;1,11° 1.47444' E,46° 52.01481' N,1942.7,10
264.13,660.0,10.06,62.48,814.97,295.14,2.2,4.1,26;9;29;17;51;1,11° 1.4744' E,46° 52.01629' N,1944.9,10
265.13,659.0,10.01,62.23,814.97,295.54,2.7,6.7,26;9;29;17;52;1,11° 1.47479' E,46° 52.0154' N,1945.1,10
266.13,659.0,10.02,61.8,814.98,296.07,1.7,4.3,26;9;29;17;53;1,11° 1.47412' E,46° 52.01678' N,1944.5,10
267.13,663.0,10.07,61.57,814.98,296.07,2.0,5.6,26;9;29;17;54;1,11° 1.47507' E,46° 52.01514' N,1940.9,10
268.13,663.0,10.08,61.52,814.96,295.41,2.4,4.4,26;9;29;17;55;1,11° 1.47367' E,46° 52.01542' N,1944.8,10
269.13,663.5,10.05,61.75,814.97,294.88,1.9,3.7,26;9;29;17;56;1,11° 1.47495' E,46° 52.01471' N,1944.0,10
270.13,667.5,9.96,62.49,814.99,296.46,2.2,4.6,26;9;29;17;57;1,11° 1.47376' E,46° 52.01625' N,1943.2,10
271.13,662.0,9.82,63.22,815.0,297.53,2.1,3.8,26;9;29;17;58;1,11° 1.47418' E,46° 52.01567' N,1941.9,10
272.13,661.0,9.76,63.02,815.01,297.4,2.1,4.1,26;9;29;17;59;1,11° 1.47318' E,46° 52.01553' N,1943.6,10
273.13,660.0,9.79,62.87,815.02,297.67,2.1,8.0,26;9;29;18;0;1,11° 1.47404' E,46° 52.0167' N,1946.3,10
274.13,661.0,9.75,63.13,815.03,296.73,1.9,4.9,26;9;29;18;1;1,11° 1.47493' E,46° 52.01671' N,1943.4,10
275.13,663.0,9.75,62.5,815.03,297.4,2.2,3.8,26;9;29;18;2;1,11° 1.47342' E,46° 52.01796' N,1942.9,10
276.13,662.0,9.77,62.59,815.03,297.93,2.4,5.2,26;9;29;18;3;1,11° 1.47327' E,46° 52.01548' N,1942.6,10
277.13,660.0,9.75,63.36,815.02,297.93,1.8,4.7,26;9;29;18;4;1,11° 1.4724' E,46° 52.01837' N,1945.0,10
278.13,660.5,9.67,63.63,815.01,297.53,1.5,3.4,26;9;29;18;5;1,11° 1.47197' E,46° 52.01633' N,1945.2,10
279.13,660.5,9.68,62.98,815.01,297.27,2.2,4.8,26;9;29;18;6;1,11° 1.47215' E,46° 52.01922' N,1944.7,10
280.13,660.0,9.67,63.16,815.02,297.67,1.8,3.3,26;9;29;18;7;1,11° 1.47236' E,46° 52.02274' N,1945.5,10
281.13,661.0,9.62,63.15,815.03,298.07,2.4,4.7,26;9;29;18;8;1,11° 1.47159' E,46° 52.02028' N,1947.3,10
282.13,657.5,9.63,62.83,815.03,296.07,3.1,5.1,26;9;29;18;9;1,11° 1.47211' E,46° 52.01761' N,1944.5,10
283.13,657.5,9.65,62.62,815.03,297.0,3.7,6.6,26;9;29;18;10;1,11° 1.47271' E,46° 52.01871' N,1944.6,10
284.13,659.0,9.69,62.46,815.02,297.8,2.0,3.4,26;9;29;18;11;1,11° 1.47417' E,46° 52.02042' N,1946.7,10
285.13,657.0,9.75,62.51,815.03,298.2,2.2,5.6,26;9;29;18;12;1,11° 1.47372' E,46° 52.01814' N,1946.5,10
286.13,658.0,9.69,63.38,815.03,299.15,1.9,4.6,26;9;29;18;13;1,11° 1.47379' E,46° 52.02006' N,1943.9,10
287.13,656.0,9.63,63.46,815.01,299.69,1.9,3.3,26;9;29;18;14;1,11° 1.47363' E,46° 52.01714' N,1945.5,10
288.13,656.5,9.65,63.14,815.01,300.51,2.1,3.8,26;9;29;18;15;1,11° 1.47442' E,46° 52.01737' N,1945.4,10
289.13,655.5,9.71,62.7,815.02,300.64,1.9,4.7,26;9;29;18;16;1,11° 1.47473' E,46° 52.01679' N,1946.8,10
290.13,657.0,9.73,62.85,815.03,300.1,1.9,3.5,26;9;29;18;17;1,11° 1.47394' E,46° 52.01646' N,1944.2,10
291.13,655.5,9.65,63.32,815.02,300.92,1.8,2.9,26;9;29;18;18;1,11° 1.47413' E,46° 52.01703' N,1942.9,10
292.13,657.0,9.57,63.53,815.02,300.51,2.3,5.2,26;9;29;18;19;1,11° 1.4743' E,46° 52.01477' N,1944.1,10
293.13,653.5,9.51,63.47,815.02,301.06,2.2,3.5,26;9;29;18;20;1,11° 1.47364' E,46° 52.01605' N,1942.7,10
294.13,658.0,9.46,64.06,815.04,299.56,2.0,3.4,26;9;29;18;21;1,11° 1.47555' E,46° 52.01401' N,1940.9,10
295.13,659.5,9.41,63.8,815.03,299.42,2.9,6.8,26;9;29;18;22;1,11° 1.47406' E,46° 52.01558' N,1941.8,10
296.13,659.0,9.4,63.8,815.03,299.69,4.2,21.5,26;9;29;18;23;1,11° 1.4748' E,46° 52.01491' N,1939.1,10
297.13,661.5,9.41,63.46,815.04,300.1,3.0,5.6,26;9;29;18;24;1,11° 1.47629' E,46° 52.01592' N,1942.1,10
298.13,663.5,9.45,63.19,815.04,301.33,2.6,5.4,26;9;29;18;25;1,11° 1.47563' E,46° 52.01474' N,1942.3,10
299.13,658.0,9.47,63.08,815.03,299.01,2.6,5.0,26;9;29;18;26;1,11° 1.47259' E,46° 52.01681' N,1945.0,10
300.13,658.0,9.48,63.26,815.03,299.01,2.2,4.1,26;9;29;18;27;1,11° 1.4745' E,46° 52.01512' N,1943.6,10
301.13,658.5,9.4,63.98,815.04,301.06,1.9,3.4,26;9;29;18;28;1,11° 1.47469' E,46° 52.01564' N,1945.0,10
302.13,659.0,9.38,63.32,815.04,300.37,3.5,5.2,26;9;29;18;29;1,11° 1.4734' E,46° 52.01635' N,1945.45,10
303.13,658.5,9.41,63.19,815.04,300.92,1.9,3.3,26;9;29;18;30;1,11° 1.47359' E,46° 52.0151' N,1944.6,10
304.13,658.0,9.39,63.41,815.05,299.83,2.3,4.3,26;9;29;18;31;1,11° 1.47248' E,46° 52.01488' N,1946.0,10
305.13,660.0,9.39,63.17,815.08,299.96,2.0,3.6,26;9;29;18;32;1,11° 1.47524' E,46° 52.01689' N,1945.8,10
306.13,661.5,9.4,63.09,815.08,301.06,1.9,5.0,26;9;29;18;33;1,11° 1.47457' E,46° 52.01556' N,1946.3,10
307.13,656.0,9.4,63.42,815.08,300.78,1.4,3.2,26;9;29;18;34;1,11° 1.47394' E,46° 52.01563' N,1946.4,10
308.13,660.0,9.34,63.81,815.11,301.47,1.7,4.6,26;9;29;18;35;1,11° 1.47442' E,46° 52.01589' N,1944.7,10
309.13,657.0,9.28,63.71,815.12,301.88,1.6,3.2,26;9;29;18;36;1,11° 1.47285' E,46° 52.01591' N,1944.2,10
310.13,658.0,9.34,63.21,815.12,302.71,1.6,4.8,26;9;29;18;37;1,11° 1.47448' E,46° 52.01715' N,1945.65,10
311.13,658.5,9.36,63.25,815.13,300.51,1.7,3.6,26;9;29;18;38;1,11° 1.47285' E,46° 52.01673' N,1942.5,10
312.13,659.0,9.33,63.54,815.14,301.33,1.6,3.2,26;9;29;18;39;1,11° 1.47401' E,46° 52.01775' N,1941.4,10
313.13,660.0,9.27,63.66,815.16,301.6,1.7,4.1,26;9;29;18;40;1,11° 1.47399' E,46° 52.01722' N,1944.0,10
314.13,659.0,9.25,63.48,815.17,302.29,1.6,2.5,26;9;29;18;41;1,11° 1.47263' E,46° 52.01542' N,1943.6,10
315.13,659.0,9.24,63.19,815.17,302.43,1.4,2.9,26;9;29;18;42;1,11° 1.47391' E,46° 52.01754' N,1939.2,10
316.13,659.5,9.25,63.17,815.18,302.43,1.7,2.8,26;9;29;18;43;1,11° 1.47324' E,46° 52.01679' N,1944.7,10
317.13,660.0,9.26,62.89,815.19,303.12,1.4,3.2,26;9;29;18;44;1,11° 1.47222' E,46° 52.01641' N,1942.6,10
318.13,660.5,9.29,62.87,815.18,303.68,1.8,2.8,26;9;29;18;45;1,11° 1.47293' E,46° 52.01702' N,1943.9,10
319.13,662.0,9.3,62.7,815.18,304.94,1.7,4.9,26;9;29;18;46;1,11° 1.47243' E,46° 52.01782' N,1947.9,10
320.13,657.5,9.33,62.65,815.17,303.4,2.5,3.8,26;9;29;18;47;1,11° 1.47325' E,46° 52.01552' N,1943.3,10
321.13,660.5,9.34,62.65,815.17,303.82,1.1,2.4,26;9;29;18;48;1,11° 1.47315' E,46° 52.01721' N,1945.7,10
322.13,661.5,9.31,62.99,815.17,303.68,2.2,14.4,26;9;29;18;49;1,11° 1.47274' E,46° 52.0175' N,1943.6,10
323.13,663.0,9.27,62.85,815.17,302.99,1.6,5.4,26;9;29;18;50;1,11° 1.4733' E,46° 52.01791' N,1947.5,10
324.13,661.5,9.28,62.66,815.17,303.12,1.8,3.2,26;9;29;18;51;1,11° 1.47216' E,46° 52.01566' N,1940.9,10
325.13,661.5,9.26,62.91,815.17,303.82,1.8,5.5,26;9;29;18;52;1,11° 1.47354' E,46° 52.01646' N,1941.6,10
326.13,664.5,9.24,63.01,815.18,305.08,1.5,3.1,26;9;29;18;53;1,11° 1.47367' E,46° 52.01809' N,1945.5,10
327.13,663.0,9.2,63.08,815.17,304.8,1.7,3.4,26;9;29;18;54;1,11° 1.47324' E,46° 52.0159' N,1939.05,10
328.13,666.0,9.17,63.0,815.17,305.22,1.5,3.6,26;9;29;18;55;1,11° 1.47269' E,46° 52.01703' N,1941.8,10
329.13,665.0,9.17,63.12,815.17,304.8,1.9,3.2,26;9;29;18;56;1,11° 1.47201' E,46° 52.01706' N,1939.0,10
330.13,663.5,9.15,63.05,815.17,305.93,1.4,2.7,26;9;29;18;57;1,11° 1.47329' E,46° 52.01491' N,1942.3,10
331.13,659.5,9.12,63.16,815.17,306.21,1.5,3.2,26;9;29;18;58;1,11° 1.47343' E,46° 52.01628' N,1941.7,10
332.13,660.0,9.1,63.07,815.18,306.07,1.5,2.9,26;9;29;18;59;1,11° 1.47351' E,46° 52.01565' N,1942.1,10
333.13,659.0,9.07,63.18,815.19,306.07,1.4,3.1,26;9;29;19;0;1,11° 1.47235' E,46° 52.01719' N,1944.4,10
334.13,660.0,9.1,62.85,815.19,305.08,1.7,3.4,26;9;29;19;1;1,11° 1.47228' E,46° 52.01745' N,1942.2,10
335.13,661.5,9.07,63.67,815.19,306.21,1.5,3.0,26;9;29;19;2;1,11° 1.47362' E,46° 52.01812' N,1943.0,10
336.13,663.5,9.02,63.35,815.2,304.94,1.8,3.4,26;9;29;19;3;1,11° 1.47326' E,46° 52.01579' N,1942.3,10
337.13,666.0,9.0,63.47,815.21,305.93,1.4,2.5,26;9;29;19;4;1,11° 1.47242' E,46° 52.01835' N,1941.6,10
338.13,664.0,8.98,63.35,815.21,307.21,1.9,5.1,26;9;29;19;5;1,11° 1.47256' E,46° 52.01717' N,1944.2,10
339.13,663.0,9.0,63.1,815.21,307.35,1.3,2.5,26;9;29;19;6;1,11° 1.47308' E,46° 52.018' N,1940.7,10
340.13,661.0,9.04,62.95,815.21,307.64,1.1,2.2,26;9;29;19;7;1,11° 1.47332' E,46° 52.01606' N,1942.3,10
341.13,661.5,9.05,63.01,815.21,308.36,1.5,3.0,26;9;29;19;8;1,11° 1.47283' E,46° 52.01793' N,1943.8,10
342.13,661.0,9.03,63.01,815.22,308.93,1.4,2.4,26;9;29;19;9;1,11° 1.47425' E,46° 52.01685' N,1943.4,10
343.13,663.0,8.98,63.08,815.23,308.36,1.3,3.7,26;9;29;19;10;1,11° 1.47275' E,46° 52.01694' N,1944.3,10
344.13,665.5,8.92,63.26,815.23,309.51,1.6,3.1,26;9;29;19;11;1,11° 1.47295' E,46° 52.01789' N,1940.6,10
345.13,661.5,8.86,63.62,815.24,309.37,1.0,2.1,26;9;29;19;12;1,11° 1.47369' E,46° 52.01734' N,1944.6,10
346.13,664.5,8.85,63.39,815.24,310.53,2.4,10.8,26;9;29;19;13;1,11° 1.47353' E,46° 52.0191' N,1947.0,10
347.13,663.5,8.81,63.49,815.25,310.82,1.3,2.5,26;9;29;19;14;1,11° 1.473' E,46° 52.01546' N,1941.6,10
348.13,664.0,8.77,63.89,815.25,309.51,1.4,2.5,26;9;29;19;15;1,11° 1.47383' E,46° 52.01671' N,1945.1,10
349.13,662.0,8.73,63.57,815.26,309.37,1.2,3.3,26;9;29;19;16;1,11° 1.47408' E,46° 52.01696' N,1946.4,10
350.13,661.0,8.71,63.42,815.26,308.64,1.3,4.9,26;9;29;19;17;1,11° 1.47386' E,46° 52.01628' N,1945.4,10
351.13,661.0,8.71,63.38,815.27,308.64,1.2,2.7,26;9;29;19;18;1,11° 1.47291' E,46° 52.01769' N,1949.8,10
352.13,661.0,8.72,63.46,815.28,309.95,1.3,2.9,26;9;29;19;19;1,11° 1.47272' E,46° 52.01713' N,1944.9,10
353.13,661.0,8.7,63.51,815.28,308.93,1.3,2.6,26;9;29;19;20;1,11° 1.47458' E,46° 52.01766' N,1947.8,10
354.13,662.0,8.69,63.6,815.28,310.24,1.3,2.7,26;9;29;19;21;1,11° 1.47356' E,46° 52.01706' N,1947.6,10
355.13,662.0,8.66,63.67,815.29,309.37,1.3,4.0,26;9;29;19;22;1,11° 1.47407' E,46° 52.01789' N,1950.1,10
356.13,661.0,8.62,63.85,815.29,309.66,1.4,2.6,26;9;29;19;23;1,11° 1.47277' E,46° 52.01786' N,1950.3,10
357.13,664.5,8.57,64.05,815.3,310.24,1.5,3.8,26;9;29;19;24;1,11° 1.47349' E,46° 52.01864' N,1950.3,10
358.13,666.0,8.5,64.24,815.29,310.82,1.5,3.0,26;9;29;19;25;1,11° 1.47376' E,46° 52.01789' N,1951.5,10
359.13,666.0,8.47,64.29,815.31,310.09,1.1,2.5,26;9;29;19;26;1,11° 1.47394' E,46° 52.01833' N,1947.9,10
360.13,665.0,8.45,64.15,815.31,311.41,2.0,4.7,26;9;29;19;27;1,11° 1.47417' E,46° 52.01729' N,1947.7,10
361.13,668.5,8.44,64.13,815.31,310.67,1.9,3.0,26;9;29;19;28;1,11° 1.4741' E,46° 52.01882' N,1945.8,10
362.13,668.5,8.42,64.22,815.31,310.38,1.6,3.5,26;9;29;19;29;1,11° 1.47446' E,46° 52.01925' N,1954.3,10
363.13,667.5,8.39,64.3,815.32,310.97,1.6,3.7,26;9;29;19;30;1,11° 1.47554' E,46° 52.01971' N,1948.8,10
364.13,666.0,8.36,64.59,815.33,311.26,1.6,3.1,26;9;29;19;31;1,11° 1.47413' E,46° 52.01813' N,1951.9,10
Tijd,CO2,TempBME,RHBME,Press,Rvoc,PM2.5,PM10,TijdGPS,LengteGr,BreedteGr,Hoogte,Sensornummer

