Tijd,CO2,TempBME,RHBME,Press,Rvoc,PM2.5,PM10,TijdGPS,LengteGr,BreedteGr,Hoogte,Sensornummer
1.12,1080.5,23.48,62.92,1017.25,421.37,15.4,16.8,26;9;26;17;34;10,4° 47.86916' E,50° 50.87696' N,64.0,11
2.12,876.5,23.26,62.97,1017.25,487.58,20.2,21.5,26;9;26;17;35;10,4° 47.87233' E,50° 50.8799' N,59.85,11
3.12,816.0,22.95,63.64,1017.25,553.64,20.6,21.9,26;9;26;17;36;1,4° 47.87224' E,50° 50.87866' N,56.75,11
4.12,800.5,22.65,64.21,1017.24,606.92,19.45,20.75,26;9;26;17;36;58,4° 47.87151' E,50° 50.87908' N,55.8,11
5.12,785.0,22.44,64.71,1017.24,650.39,20.55,21.7,26;9;26;17;37;58,4° 47.87226' E,50° 50.87847' N,56.95,11
6.12,775.5,22.26,65.22,1017.25,690.51,25.1,26.6,26;9;26;17;38;58,4° 47.87308' E,50° 50.87637' N,56.75,11
7.12,770.0,22.11,65.69,1017.24,720.1,24.4,25.85,26;9;26;17;39;58,4° 47.87281' E,50° 50.87584' N,52.95,11
8.12,762.5,21.99,65.8,1017.24,745.41,29.65,31.45,26;9;26;17;40;58,4° 47.87303' E,50° 50.8786' N,57.7,11
9.12,743.5,21.89,66.17,1017.23,770.55,29.4,31.3,26;9;26;17;42;7,4° 47.87363' E,50° 50.87885' N,57.75,11
10.12,723.5,21.75,66.77,1017.25,789.78,33.7,35.9,26;9;26;17;43;7,4° 47.87332' E,50° 50.87716' N,60.6,11
11.12,719.0,21.65,66.98,1017.27,806.6,42.5,45.05,26;9;26;17;44;7,4° 47.87449' E,50° 50.87661' N,58.7,11
12.12,720.0,21.52,67.35,1017.27,820.12,44.2,47.0,26;9;26;17;44;58,4° 47.87372' E,50° 50.8796' N,59.9,11
Tijd,CO2,TempBME,RHBME,Press,Rvoc,PM2.5,PM10,TijdGPS,LengteGr,BreedteGr,Hoogte,Sensornummer
Tijd,CO2,TempBME,RHBME,Press,Rvoc,PM2.5,PM10,TijdGPS,LengteGr,BreedteGr,Hoogte,Sensornummer
1.13,624.5,15.28,56.45,892.24,138.1,304.7,326.85,26;9;29;8;1;21,10° 58.07422' E,47° 3.90638' N,1194.7,11
2.13,823.5,13.94,58.92,892.22,202.55,267.35,288.05,26;9;29;8;2;21,10° 58.07497' E,47° 3.90527' N,1179.0,11
3.13,875.0,13.44,59.27,892.2,293.06,185.0,199.7,26;9;29;8;3;21,10° 58.07464' E,47° 3.90466' N,1174.5,11
4.13,880.0,12.97,60.27,892.19,382.44,234.25,252.55,26;9;29;8;4;12,10° 58.07496' E,47° 3.90443' N,1178.5,11
5.13,880.0,12.49,62.89,892.18,469.17,337.75,362.15,26;9;29;8;5;12,10° 58.07378' E,47° 3.90471' N,1177.0,11
6.13,959.5,12.14,63.56,892.19,542.15,344.2,370.55,26;9;29;8;6;21,10° 58.07517' E,47° 3.90463' N,1179.3,11
7.13,909.5,11.91,65.49,892.18,604.45,269.65,290.3,26;9;29;8;7;21,10° 58.07481' E,47° 3.90474' N,1181.5,11
8.13,879.0,11.79,65.89,892.18,652.23,264.45,284.05,26;9;29;8;8;21,10° 58.07473' E,47° 3.90487' N,1181.9,11
9.13,871.5,11.58,68.02,892.18,702.76,305.4,328.45,26;9;29;8;9;21,10° 58.07386' E,47° 3.90565' N,1177.0,11
10.13,870.5,11.31,69.12,892.18,742.76,308.9,331.8,26;9;29;8;10;21,10° 58.07459' E,47° 3.90573' N,1175.3,11
11.13,859.5,11.12,69.62,892.17,775.44,342.2,367.9,26;9;29;8;11;9,10° 58.07633' E,47° 3.90415' N,1177.5,11
12.13,848.5,11.09,68.77,892.17,809.52,379.9,408.75,26;9;29;8;12;9,10° 58.07701' E,47° 3.90425' N,1179.5,11
13.13,846.5,11.08,68.12,892.17,838.63,382.45,411.1,26;9;29;8;13;9,10° 58.07701' E,47° 3.90448' N,1177.7,11
14.13,835.5,11.11,68.61,892.16,855.05,436.95,469.75,26;9;29;8;14;9,10° 58.07661' E,47° 3.90498' N,1172.5,11
15.13,827.0,11.06,69.24,892.16,875.42,478.8,514.4,26;9;29;8;15;9,10° 58.07696' E,47° 3.90395' N,1177.1,11
16.13,821.5,10.98,69.87,892.18,888.98,470.95,506.1,26;9;29;8;16;9,10° 58.077' E,47° 3.90441' N,1177.5,11
17.13,750.5,10.9,70.54,892.17,911.56,617.85,662.35,26;9;29;8;17;9,10° 58.07714' E,47° 3.90453' N,1184.1,11
Tijd,CO2,TempBME,RHBME,Press,Rvoc,PM2.5,PM10,TijdGPS,LengteGr,BreedteGr,Hoogte,Sensornummer
1.12,623.0,18.96,49.82,813.67,435.49,318.8,339.05,0;0;0;0;0;0,0,0,0,11
2.12,1362.5,19.37,49.17,813.67,473.04,13.9,15.65,0;0;0;0;0;0,0,0,0,11
3.12,1226.0,19.69,48.42,813.66,532.8,14.85,15.65,0;0;0;0;0;0,0,0,0,11
4.12,1123.5,19.91,47.26,813.65,585.5,17.3,18.35,0;0;0;0;0;0,0,0,0,11
5.12,1059.0,20.07,47.4,813.64,622.64,16.75,17.6,0;0;0;0;0;0,0,0,0,11
6.12,1044.5,20.22,46.63,813.64,657.69,18.1,19.0,0;0;0;0;0;0,0,0,0,11
7.12,1035.0,20.35,46.66,813.64,683.8,19.2,20.1,0;0;0;0;0;0,0,0,0,11
8.12,1032.5,20.47,46.16,813.65,704.96,19.95,20.85,0;0;0;0;0;0,0,0,0,11
9.12,1042.5,20.58,45.22,813.64,726.3,16.55,17.6,0;0;0;0;0;0,0,0,0,11
10.12,1054.5,20.69,45.6,813.63,737.46,21.6,22.85,0;0;0;0;0;0,0,0,0,11
11.12,1088.0,20.83,44.49,813.62,753.92,19.4,20.9,0;0;0;0;0;0,0,0,0,11
12.12,1188.0,20.96,44.03,813.62,762.47,19.9,21.45,0;0;0;0;0;0,0,0,0,11
13.12,1235.0,21.09,44.66,813.63,771.88,19.0,20.2,0;0;0;0;0;0,0,0,0,11
14.12,1186.0,21.2,44.33,813.63,775.22,19.7,20.9,0;0;0;0;0;0,0,0,0,11
15.12,1165.0,21.29,44.52,813.62,780.84,20.8,21.9,0;0;0;0;0;0,0,0,0,11
16.12,1164.5,21.41,44.8,813.63,787.01,21.25,22.35,0;0;0;0;0;0,0,0,0,11
17.12,1228.5,21.56,44.76,813.63,789.78,21.8,22.95,0;0;0;0;0;0,0,0,0,11
18.12,1254.5,21.7,44.55,813.65,787.47,20.0,21.2,0;0;0;0;0;0,0,0,0,11
19.12,1270.5,21.81,44.37,813.63,793.28,21.4,22.55,0;0;0;0;0;0,0,0,0,11
20.12,1313.0,21.91,44.38,813.6,790.49,23.1,24.25,0;0;0;0;0;0,0,0,0,11
21.12,1376.5,22.03,44.18,813.59,791.18,20.85,22.1,0;0;0;0;0;0,0,0,0,11
22.12,1423.0,22.14,44.1,813.61,790.48,19.6,20.75,0;0;0;0;0;0,0,0,0,11
23.12,1421.0,22.21,42.9,813.62,802.27,22.6,24.0,0;0;0;0;0;0,0,0,0,11
24.12,1428.0,22.28,43.57,813.62,801.79,22.3,23.5,0;0;0;0;0;0,0,0,0,11
25.12,1435.0,22.38,43.34,813.63,798.22,21.5,22.7,0;0;0;0;0;0,0,0,0,11
26.12,1384.0,22.42,42.8,813.64,802.51,19.85,20.9,0;0;0;0;0;0,0,0,0,11
27.12,1364.5,22.46,42.94,813.62,805.15,23.6,24.85,0;0;0;0;0;0,0,0,0,11
28.12,1345.0,22.5,42.55,813.62,810.97,20.3,21.35,0;0;0;0;0;0,0,0,0,11
29.12,1331.5,22.53,42.26,813.6,813.43,21.4,22.6,0;0;0;0;0;0,0,0,0,11
30.12,1323.5,22.56,42.12,813.58,814.41,21.65,23.0,0;0;0;0;0;0,0,0,0,11
31.12,1328.0,22.59,42.0,813.57,814.66,22.05,23.25,0;0;0;0;0;0,0,0,0,11
32.12,1338.0,22.63,41.85,813.58,814.41,22.75,24.05,0;0;0;0;0;0,0,0,0,11
33.12,1338.0,22.67,41.75,813.56,814.41,22.9,24.1,0;0;0;0;0;0,0,0,0,11
34.12,1324.5,22.71,41.61,813.57,819.62,20.85,22.05,0;0;0;0;0;0,0,0,0,11
35.12,1308.5,22.75,41.34,813.56,820.62,24.8,25.9,0;0;0;0;0;0,0,0,0,11
36.12,1280.5,22.77,40.96,813.54,826.42,22.65,23.7,0;0;0;0;0;0,0,0,0,11
37.12,1262.0,22.79,40.91,813.54,826.93,22.9,24.05,0;0;0;0;0;0,0,0,0,11
38.12,1246.5,22.81,40.64,813.55,831.27,21.25,22.3,0;0;0;0;0;0,0,0,0,11
39.12,1230.0,22.82,40.36,813.52,835.4,20.0,20.95,0;0;0;0;0;0,0,0,0,11
40.12,1213.5,22.83,40.22,813.49,839.05,23.4,24.5,0;0;0;0;0;0,0,0,0,11
41.12,1192.5,22.84,40.01,813.49,843.26,21.85,22.9,0;0;0;0;0;0,0,0,0,11
42.12,1167.5,22.84,39.73,813.49,851.81,23.65,24.7,0;0;0;0;0;0,0,0,0,11
43.12,1151.0,22.83,39.43,813.48,856.98,20.2,21.2,0;0;0;0;0;0,0,0,0,11
44.12,1136.5,22.82,39.29,813.47,860.53,22.35,23.45,0;0;0;0;0;0,0,0,0,11
45.12,1129.0,22.83,39.2,813.46,864.67,25.15,26.25,0;0;0;0;0;0,0,0,0,11
46.12,1118.5,22.85,39.13,813.46,870.55,22.7,23.7,0;0;0;0;0;0,0,0,0,11
47.12,1111.0,22.87,38.95,813.44,872.24,19.05,20.0,0;0;0;0;0;0,0,0,0,11
48.12,1089.0,22.89,38.7,813.43,877.08,23.6,24.75,0;0;0;0;0;0,0,0,0,11
49.12,1088.5,22.9,38.75,813.42,880.24,21.65,22.7,0;0;0;0;0;0,0,0,0,11
50.12,1093.5,22.93,38.47,813.43,881.97,22.2,23.2,0;0;0;0;0;0,0,0,0,11
51.12,1072.0,22.94,38.34,813.43,884.87,19.2,20.1,0;0;0;0;0;0,0,0,0,11
52.12,1066.5,22.95,38.18,813.42,890.14,22.15,23.25,0;0;0;0;0;0,0,0,0,11
53.12,1050.0,22.96,38.12,813.42,893.98,20.15,21.15,0;0;0;0;0;0,0,0,0,11
54.12,1055.5,22.97,37.92,813.41,892.5,22.25,23.25,0;0;0;0;0;0,0,0,0,11
55.12,1046.5,22.98,37.84,813.4,893.39,22.15,23.25,0;0;0;0;0;0,0,0,0,11
56.12,1042.5,22.99,37.64,813.39,897.86,22.1,23.1,0;0;0;0;0;0,0,0,0,11
57.12,1037.0,22.99,37.5,813.38,905.42,25.25,26.4,0;0;0;0;0;0,0,0,0,11
58.12,1034.0,22.99,37.36,813.37,904.2,22.1,23.1,0;0;0;0;0;0,0,0,0,11
59.12,1029.0,23.0,37.41,813.38,906.64,21.3,22.25,0;0;0;0;0;0,0,0,0,11
60.12,1030.0,23.02,37.28,813.37,911.56,23.45,24.45,0;0;0;0;0;0,0,0,0,11
61.12,1027.5,23.03,37.13,813.35,912.17,22.3,23.35,0;0;0;0;0;0,0,0,0,11
62.12,1022.5,23.05,37.1,813.33,912.48,21.8,22.8,0;0;0;0;0;0,0,0,0,11
63.12,1021.0,23.06,36.93,813.33,914.04,21.35,22.3,0;0;0;0;0;0,0,0,0,11
64.12,1020.0,23.07,36.93,813.32,917.46,20.05,21.05,0;0;0;0;0;0,0,0,0,11
65.12,1022.0,23.09,36.79,813.33,915.28,23.4,24.4,0;0;0;0;0;0,0,0,0,11
66.12,1019.5,23.1,36.78,813.33,919.03,21.4,22.4,0;0;0;0;0;0,0,0,0,11
67.12,1016.5,23.12,36.68,813.31,921.87,22.1,23.1,0;0;0;0;0;0,0,0,0,11
68.12,1016.5,23.13,36.6,813.3,925.03,21.25,22.25,0;0;0;0;0;0,0,0,0,11
69.12,1016.5,23.14,36.48,813.29,924.73,23.6,24.65,0;0;0;0;0;0,0,0,0,11
70.12,1015.0,23.16,36.51,813.3,927.27,24.1,25.15,0;0;0;0;0;0,0,0,0,11
71.12,1018.0,23.18,36.48,813.27,926.32,22.45,23.45,0;0;0;0;0;0,0,0,0,11
72.12,1020.0,23.2,36.39,813.27,925.35,21.3,22.35,0;0;0;0;0;0,0,0,0,11
73.12,1019.0,23.22,36.35,813.27,927.91,24.25,25.3,0;0;0;0;0;0,0,0,0,11
74.12,1010.0,23.24,36.31,813.27,926.63,23.8,24.9,0;0;0;0;0;0,0,0,0,11
75.12,1011.5,23.25,36.19,813.27,931.12,22.55,23.6,0;0;0;0;0;0,0,0,0,11
76.12,1008.5,23.26,36.05,813.28,929.19,21.95,23.0,0;0;0;0;0;0,0,0,0,11
77.12,1005.0,23.26,35.99,813.28,934.68,22.55,23.55,0;0;0;0;0;0,0,0,0,11
78.12,1003.5,23.26,35.9,813.29,935.01,21.35,22.35,0;0;0;0;0;0,0,0,0,11
79.12,1010.0,23.27,35.92,813.29,932.74,22.7,23.7,0;0;0;0;0;0,0,0,0,11
80.12,1008.5,23.29,35.97,813.31,933.06,22.75,23.8,0;0;0;0;0;0,0,0,0,11
81.12,1004.5,23.3,35.78,813.31,932.41,22.6,23.6,0;0;0;0;0;0,0,0,0,11
82.12,1004.0,23.3,35.73,813.3,936.96,24.25,25.25,0;0;0;0;0;0,0,0,0,11
83.12,1000.0,23.31,35.66,813.3,938.59,24.5,25.65,0;0;0;0;0;0,0,0,0,11
84.12,1004.0,23.32,35.68,813.31,940.89,21.45,22.45,0;0;0;0;0;0,0,0,0,11
85.12,1003.0,23.33,35.6,813.31,937.28,22.3,23.3,0;0;0;0;0;0,0,0,0,11
86.12,999.0,23.34,35.47,813.31,941.55,22.3,23.35,0;0;0;0;0;0,0,0,0,11
87.12,998.0,23.35,35.39,813.31,943.53,23.3,24.3,0;0;0;0;0;0,0,0,0,11
88.12,995.0,23.35,35.31,813.31,942.87,21.8,22.8,0;0;0;0;0;0,0,0,0,11
89.12,993.5,23.36,35.29,813.31,946.19,21.1,22.1,0;0;0;0;0;0,0,0,0,11
90.12,993.0,23.36,35.21,813.31,947.52,24.05,25.1,0;0;0;0;0;0,0,0,0,11
91.12,993.0,23.36,35.15,813.32,946.18,21.9,22.9,0;0;0;0;0;0,0,0,0,11
92.12,990.0,23.37,35.13,813.32,947.85,23.75,24.75,0;0;0;0;0;0,0,0,0,11
93.12,993.5,23.38,35.11,813.31,947.52,22.35,23.35,0;0;0;0;0;0,0,0,0,11
94.12,997.0,23.38,35.02,813.31,948.19,23.15,24.15,0;0;0;0;0;0,0,0,0,11
95.12,994.0,23.38,34.98,813.3,950.87,23.45,24.55,0;0;0;0;0;0,0,0,0,11
96.12,991.5,23.39,34.95,813.3,951.54,22.1,23.2,0;0;0;0;0;0,0,0,0,11
97.12,985.0,23.39,34.9,813.3,948.19,20.15,21.05,0;0;0;0;0;0,0,0,0,11
98.12,986.0,23.41,34.89,813.3,949.52,21.9,22.95,0;0;0;0;0;0,0,0,0,11
99.12,986.0,23.43,34.88,813.3,949.19,23.4,24.4,0;0;0;0;0;0,0,0,0,11
100.12,987.0,23.45,34.94,813.3,950.53,23.15,24.25,0;0;0;0;0;0,0,0,0,11
101.12,997.5,23.48,34.88,813.3,950.53,22.1,23.1,0;0;0;0;0;0,0,0,0,11
102.12,993.0,23.5,34.79,813.31,949.19,22.35,23.3,0;0;0;0;0;0,0,0,0,11
103.12,991.5,23.51,34.74,813.31,953.57,22.95,24.0,0;0;0;0;0;0,0,0,0,11
104.12,989.5,23.51,34.68,813.32,951.54,23.2,24.3,0;0;0;0;0;0,0,0,0,11
105.12,989.0,23.52,34.72,813.33,955.26,23.7,24.8,0;0;0;0;0;0,0,0,0,11
106.12,988.5,23.54,34.75,813.33,954.58,22.35,23.45,0;0;0;0;0;0,0,0,0,11
107.12,987.0,23.57,34.75,813.34,952.21,24.15,25.25,0;0;0;0;0;0,0,0,0,11
108.12,988.0,23.61,34.82,813.32,950.87,24.1,25.2,0;0;0;0;0;0,0,0,0,11
109.12,988.0,23.65,34.85,813.31,948.52,22.05,23.1,0;0;0;0;0;0,0,0,0,11
110.12,991.5,23.7,34.79,813.32,946.18,22.05,23.05,0;0;0;0;0;0,0,0,0,11
111.12,990.5,23.73,34.73,813.32,947.52,22.45,23.45,0;0;0;0;0;0,0,0,0,11
112.12,990.0,23.77,34.69,813.33,944.19,23.2,24.25,0;0;0;0;0;0,0,0,0,11
113.12,992.5,23.79,34.8,813.34,942.21,23.15,24.15,0;0;0;0;0;0,0,0,0,11
114.12,1001.0,23.83,34.84,813.35,939.58,21.35,22.35,0;0;0;0;0;0,0,0,0,11
115.12,1022.0,23.86,34.8,813.34,935.0,24.25,25.5,0;0;0;0;0;0,0,0,0,11
116.12,1036.0,23.9,34.82,813.34,937.61,22.7,23.85,0;0;0;0;0;0,0,0,0,11
117.12,1052.0,23.94,34.95,813.34,936.64,24.4,25.7,0;0;0;0;0;0,0,0,0,11
Tijd,CO2,TempBME,RHBME,Press,Rvoc,PM2.5,PM10,TijdGPS,LengteGr,BreedteGr,Hoogte,Sensornummer
Tijd,CO2,TempBME,RHBME,Press,Rvoc,PM2.5,PM10,TijdGPS,LengteGr,BreedteGr,Hoogte,Sensornummer
Tijd,CO2,TempBME,RHBME,Press,Rvoc,PM2.5,PM10,TijdGPS,LengteGr,BreedteGr,Hoogte,Sensornummer
1.13,371.5,24.25,34.23,813.69,725.54,27.8,30.25,26;9;29;13;27;36,11° 1.47823' E,46° 52.01247' N,1955.6,11
2.13,682.0,24.61,32.1,813.66,776.8,19.6,20.55,26;9;29;13;28;36,11° 1.47605' E,46° 52.01414' N,1952.7,11
3.13,782.0,24.56,33.33,813.66,828.22,18.7,19.7,26;9;29;13;29;36,11° 1.47409' E,46° 52.0133' N,1949.35,11
4.13,795.5,24.49,33.29,813.68,864.4,19.2,20.2,26;9;29;13;30;36,11° 1.4707' E,46° 52.00783' N,1947.8,11
5.13,810.5,24.26,31.76,813.69,904.57,18.8,19.8,26;9;29;13;31;36,11° 1.4737' E,46° 52.01443' N,1945.1,11
6.13,783.5,23.81,31.5,813.69,944.53,21.05,22.05,26;9;29;13;32;27,11° 1.4731' E,46° 52.01441' N,1951.5,11
7.13,769.0,23.4,31.91,813.68,975.05,20.05,21.05,26;9;29;13;33;27,11° 1.47431' E,46° 52.01633' N,1951.85,11
8.13,789.0,23.16,32.05,813.69,996.35,18.25,19.15,26;9;29;13;34;36,11° 1.4742' E,46° 52.01743' N,1957.7,11
9.13,779.5,22.97,32.63,813.68,1024.38,19.3,20.3,26;9;29;13;35;36,11° 1.47314' E,46° 52.01831' N,1951.1,11
10.13,817.0,22.87,32.87,813.67,1040.22,20.1,21.25,26;9;29;13;36;33,11° 1.47408' E,46° 52.01664' N,1950.1,11
11.13,825.0,22.71,32.91,813.67,1059.89,21.0,22.0,26;9;29;13;37;24,11° 1.47354' E,46° 52.01503' N,1948.95,11
12.13,795.5,22.56,32.9,813.69,1076.88,20.35,21.35,26;9;29;13;38;24,11° 1.47348' E,46° 52.01624' N,1949.65,11
13.13,803.0,22.52,32.82,813.69,1089.51,19.25,20.25,26;9;29;13;39;33,11° 1.47357' E,46° 52.01592' N,1946.65,11
14.13,814.0,22.55,33.43,813.67,1094.39,23.35,24.45,26;9;29;13;40;33,11° 1.47383' E,46° 52.01678' N,1948.6,11
15.13,774.0,22.54,33.45,813.66,1108.36,19.8,20.7,26;9;29;13;41;33,11° 1.4725' E,46° 52.01686' N,1948.9,11
16.13,787.0,22.55,33.84,813.66,1107.0,22.5,23.55,26;9;29;13;42;33,11° 1.47352' E,46° 52.01709' N,1947.8,11
17.13,748.5,22.57,33.85,813.66,1117.11,20.45,21.45,26;9;29;13;43;33,11° 1.47343' E,46° 52.01727' N,1949.2,11
18.13,801.5,22.51,33.81,813.68,1121.77,20.45,21.45,26;9;29;13;44;33,11° 1.4747' E,46° 52.01819' N,1949.95,11
19.13,815.5,22.44,33.67,813.67,1132.16,23.0,24.05,26;9;29;13;45;33,11° 1.47446' E,46° 52.01712' N,1947.65,11
20.13,784.0,22.35,34.08,813.67,1138.38,21.1,22.15,26;9;29;13;46;33,11° 1.475' E,46° 52.01446' N,1950.7,11
21.13,788.5,22.17,34.53,813.66,1140.8,20.7,21.7,26;9;29;13;47;33,11° 1.47315' E,46° 52.01223' N,1946.75,11
22.13,779.5,22.13,35.06,813.65,1139.83,21.9,22.95,26;9;29;13;48;33,11° 1.47384' E,46° 52.01342' N,1943.7,11
23.13,800.0,22.17,35.5,813.66,1140.8,23.1,24.2,26;9;29;13;49;33,11° 1.47533' E,46° 52.01322' N,1945.85,11
24.13,788.0,22.24,35.24,813.67,1139.35,21.75,22.8,26;9;29;13;50;33,11° 1.47448' E,46° 52.01525' N,1948.7,11
25.13,814.0,22.29,35.28,813.67,1137.43,21.2,22.25,26;9;29;13;51;33,11° 1.47282' E,46° 52.01286' N,1941.25,11
26.13,817.0,22.32,35.07,813.68,1139.83,19.65,20.65,26;9;29;13;52;24,11° 1.47519' E,46° 52.01529' N,1946.45,11
27.13,823.5,22.35,35.48,813.68,1140.31,21.9,22.95,26;9;29;13;53;24,11° 1.4757' E,46° 52.01554' N,1943.6,11
28.13,820.5,22.2,35.63,813.65,1134.06,20.85,21.95,26;9;29;13;54;24,11° 1.47724' E,46° 52.01578' N,1941.3,11
29.13,839.0,22.07,36.27,813.64,1138.39,21.2,22.3,26;9;29;13;55;24,11° 1.47661' E,46° 52.01643' N,1939.55,11
30.13,816.5,22.08,36.43,813.64,1135.5,19.05,20.05,26;9;29;13;56;24,11° 1.47578' E,46° 52.01559' N,1943.3,11
31.13,801.5,22.04,36.46,813.65,1139.35,20.95,22.05,26;9;29;13;57;24,11° 1.47666' E,46° 52.01494' N,1942.2,11
32.13,876.5,22.0,36.29,813.66,1135.5,21.3,22.4,26;9;29;13;58;24,11° 1.47533' E,46° 52.0165' N,1942.15,11
33.13,845.5,21.9,37.34,813.69,1143.71,19.3,20.3,26;9;29;13;59;24,11° 1.47536' E,46° 52.01451' N,1940.8,11
34.13,832.5,21.66,38.18,813.7,1143.71,18.65,19.6,26;9;29;14;0;24,11° 1.4757' E,46° 52.01611' N,1943.5,11
35.13,800.0,21.21,38.32,813.69,1148.11,22.85,23.95,26;9;29;14;1;33,11° 1.47432' E,46° 52.01733' N,1943.45,11
36.13,843.0,20.72,39.25,813.67,1149.08,21.15,22.35,26;9;29;14;2;24,11° 1.47356' E,46° 52.01641' N,1943.5,11
37.13,791.0,20.56,39.71,813.68,1151.54,19.3,20.3,26;9;29;14;3;33,11° 1.47385' E,46° 52.01685' N,1946.2,11
38.13,812.5,20.61,39.61,813.68,1165.51,17.8,18.9,26;9;29;14;4;33,11° 1.47438' E,46° 52.0164' N,1947.1,11
39.13,813.0,20.63,40.36,813.69,1158.98,19.85,21.05,26;9;29;14;5;24,11° 1.47322' E,46° 52.015' N,1944.05,11
40.13,812.0,20.64,39.68,813.69,1158.98,19.2,20.3,26;9;29;14;6;33,11° 1.47464' E,46° 52.01633' N,1942.9,11
41.13,827.5,20.62,39.82,813.68,1161.99,20.2,21.3,26;9;29;14;7;33,11° 1.47318' E,46° 52.01502' N,1946.25,11
42.13,825.0,20.55,39.88,813.69,1162.49,20.05,21.15,26;9;29;14;8;33,11° 1.47331' E,46° 52.01558' N,1943.3,11
43.13,830.5,20.57,40.54,813.7,1159.98,20.3,21.5,26;9;29;14;9;24,11° 1.47387' E,46° 52.01496' N,1946.05,11
44.13,827.5,20.59,40.73,813.7,1159.98,20.7,21.9,26;9;29;14;10;33,11° 1.47339' E,46° 52.01621' N,1946.25,11
45.13,863.5,20.56,40.58,813.7,1155.5,20.75,22.4,26;9;29;14;11;24,11° 1.47337' E,46° 52.01515' N,1947.8,11
46.13,852.0,20.58,41.18,813.72,1154.01,18.4,19.65,26;9;29;14;12;33,11° 1.47201' E,46° 52.01384' N,1947.75,11
47.13,831.5,20.54,39.43,813.71,1169.57,18.85,19.85,26;9;29;14;13;33,11° 1.47322' E,46° 52.0153' N,1949.9,11
48.13,819.0,20.41,39.27,813.71,1172.62,18.4,19.5,26;9;29;14;14;33,11° 1.47279' E,46° 52.01531' N,1949.95,11
49.13,820.5,20.45,40.22,813.72,1163.5,18.9,19.9,26;9;29;14;15;33,11° 1.47275' E,46° 52.01472' N,1948.55,11
50.13,827.0,20.61,40.08,813.72,1161.48,17.3,18.45,26;9;29;14;16;33,11° 1.47361' E,46° 52.01431' N,1949.75,11
51.13,819.5,20.78,39.78,813.72,1153.04,16.8,17.9,26;9;29;14;17;33,11° 1.47281' E,46° 52.01469' N,1950.35,11
52.13,805.5,20.84,40.14,813.72,1154.51,20.15,21.25,26;9;29;14;18;33,11° 1.47242' E,46° 52.0143' N,1944.6,11
53.13,802.0,20.73,40.29,813.73,1159.48,17.3,18.3,26;9;29;14;19;33,11° 1.47271' E,46° 52.0143' N,1945.55,11
54.13,835.0,20.54,39.89,813.72,1165.51,18.65,19.7,26;9;29;14;20;33,11° 1.47358' E,46° 52.0148' N,1949.9,11
55.13,839.0,20.44,40.02,813.73,1163.5,17.15,18.2,26;9;29;14;21;33,11° 1.47325' E,46° 52.0153' N,1946.15,11
56.13,825.5,20.5,40.58,813.74,1159.98,18.45,19.45,26;9;29;14;22;33,11° 1.47462' E,46° 52.01602' N,1945.7,11
57.13,823.5,20.69,41.46,813.76,1151.54,17.95,19.05,26;9;29;14;23;24,11° 1.47352' E,46° 52.01631' N,1944.25,11
58.13,837.5,20.82,40.83,813.77,1149.09,17.25,18.35,26;9;29;14;24;33,11° 1.47413' E,46° 52.0164' N,1944.45,11
59.13,834.5,20.8,41.1,813.77,1142.74,16.9,18.0,26;9;29;14;25;24,11° 1.47403' E,46° 52.0153' N,1946.3,11
60.13,815.5,20.74,40.9,813.79,1146.15,18.85,19.95,26;9;29;14;26;24,11° 1.47373' E,46° 52.0154' N,1947.95,11
61.13,804.0,20.48,41.33,813.79,1150.56,19.45,20.55,26;9;29;14;27;33,11° 1.47157' E,46° 52.01515' N,1942.4,11
62.13,810.0,20.38,41.91,813.79,1151.05,18.25,19.45,26;9;29;14;28;33,11° 1.47301' E,46° 52.01522' N,1940.15,11
63.13,811.0,20.35,42.29,813.8,1149.08,18.3,19.35,26;9;29;14;29;33,11° 1.47272' E,46° 52.01492' N,1939.15,11
64.13,813.0,20.29,42.12,813.79,1153.52,17.45,18.45,26;9;29;14;30;33,11° 1.47092' E,46° 52.01409' N,1945.95,11
65.13,752.5,20.16,42.62,813.8,1152.53,18.6,19.75,26;9;29;14;31;33,11° 1.47193' E,46° 52.01386' N,1944.75,11
66.13,786.5,20.19,42.44,813.79,1149.57,20.0,21.2,26;9;29;14;32;24,11° 1.47304' E,46° 52.01506' N,1945.3,11
67.13,760.5,20.1,42.7,813.82,1149.57,19.45,22.75,26;9;29;14;33;33,11° 1.47345' E,46° 52.01474' N,1945.3,11
68.13,727.0,20.09,42.79,813.82,1146.63,19.3,20.8,26;9;29;14;34;33,11° 1.47362' E,46° 52.01415' N,1944.85,11
69.13,794.0,19.99,43.38,813.82,1151.54,21.8,23.2,26;9;29;14;35;33,11° 1.47335' E,46° 52.01421' N,1945.2,11
70.13,764.5,19.86,43.04,813.81,1154.51,20.55,21.65,26;9;29;14;36;24,11° 1.47368' E,46° 52.01673' N,1946.0,11
71.13,761.5,19.67,43.21,813.8,1159.98,19.05,20.1,26;9;29;14;37;24,11° 1.47427' E,46° 52.01476' N,1945.75,11
72.13,741.0,19.68,44.01,813.81,1156.5,19.7,20.85,26;9;29;14;38;24,11° 1.4746' E,46° 52.01562' N,1941.6,11
73.13,740.5,19.64,43.17,813.81,1156.49,20.05,21.15,26;9;29;14;39;33,11° 1.47449' E,46° 52.01415' N,1942.55,11
74.13,751.5,19.55,43.27,813.81,1159.98,17.75,18.75,26;9;29;14;40;33,11° 1.47317' E,46° 52.01593' N,1942.1,11
75.13,788.5,19.44,44.34,813.83,1167.55,18.5,19.6,26;9;29;14;41;33,11° 1.47431' E,46° 52.01463' N,1942.35,11
76.13,780.0,19.43,44.72,813.85,1160.48,15.95,16.95,26;9;29;14;42;33,11° 1.47356' E,46° 52.01609' N,1941.0,11
77.13,786.5,19.37,43.77,813.85,1168.55,19.8,20.9,26;9;29;14;43;33,11° 1.47437' E,46° 52.01497' N,1940.3,11
78.13,790.0,19.36,44.32,813.86,1166.52,18.55,19.65,26;9;29;14;44;33,11° 1.47453' E,46° 52.0155' N,1944.75,11
79.13,795.5,19.23,45.49,813.87,1163.5,19.25,20.45,26;9;29;14;45;33,11° 1.47432' E,46° 52.01505' N,1945.75,11
80.13,792.5,19.11,45.57,813.87,1165.51,18.35,19.6,26;9;29;14;46;33,11° 1.4747' E,46° 52.01539' N,1945.95,11
81.13,810.0,19.14,44.86,813.88,1164.5,19.25,20.45,26;9;29;14;47;33,11° 1.4742' E,46° 52.01465' N,1946.55,11
82.13,800.0,19.18,44.96,813.88,1165.51,20.2,21.4,26;9;29;14;48;33,11° 1.47517' E,46° 52.01502' N,1947.65,11
83.13,807.5,19.22,44.55,813.87,1168.55,19.4,20.5,26;9;29;14;49;33,11° 1.47419' E,46° 52.01522' N,1945.85,11
84.13,801.5,19.14,44.7,813.89,1169.56,17.35,18.35,26;9;29;14;50;33,11° 1.47414' E,46° 52.01493' N,1946.4,11
85.13,796.5,18.98,45.21,813.87,1169.56,19.3,20.6,26;9;29;14;51;33,11° 1.47408' E,46° 52.01427' N,1945.1,11
86.13,787.5,18.94,45.21,813.88,1173.65,19.15,20.45,26;9;29;14;52;33,11° 1.47486' E,46° 52.01464' N,1945.2,11
87.13,793.5,18.94,45.68,813.88,1173.14,18.9,20.3,26;9;29;14;53;33,11° 1.47445' E,46° 52.01481' N,1943.45,11
88.13,779.5,18.99,45.73,813.89,1172.11,18.75,19.85,26;9;29;14;54;33,11° 1.47481' E,46° 52.01481' N,1945.25,11
89.13,782.5,18.96,45.6,813.88,1169.06,18.9,20.1,26;9;29;14;55;33,11° 1.4744' E,46° 52.01496' N,1944.7,11
90.13,761.0,19.0,45.92,813.9,1167.03,19.65,21.0,26;9;29;14;56;33,11° 1.47372' E,46° 52.0141' N,1948.5,11
91.13,737.0,18.96,45.1,813.89,1173.65,20.2,21.7,26;9;29;14;57;33,11° 1.47477' E,46° 52.01544' N,1946.4,11
92.13,767.5,18.92,45.81,813.89,1166.02,19.25,20.45,26;9;29;14;58;33,11° 1.47364' E,46° 52.01497' N,1947.1,11
93.13,774.5,18.95,45.76,813.92,1170.59,19.0,20.15,26;9;29;14;59;33,11° 1.4744' E,46° 52.0143' N,1943.5,11
94.13,772.0,18.85,45.29,813.91,1174.16,20.55,21.75,26;9;29;15;0;33,11° 1.47386' E,46° 52.01679' N,1942.5,11
95.13,731.5,18.81,44.96,813.92,1173.14,20.0,21.1,26;9;29;15;1;33,11° 1.47336' E,46° 52.01565' N,1950.1,11
96.13,737.0,18.77,45.52,813.92,1186.59,18.6,19.6,26;9;29;15;2;33,11° 1.47382' E,46° 52.01572' N,1945.45,11
97.13,736.0,18.85,45.72,813.94,1175.7,19.05,20.2,26;9;29;15;3;33,11° 1.47394' E,46° 52.01503' N,1945.55,11
98.13,746.5,19.0,45.57,813.95,1167.03,18.55,19.95,26;9;29;15;4;33,11° 1.47377' E,46° 52.01492' N,1942.75,11
99.13,750.0,19.15,45.98,813.97,1162.01,19.1,20.4,26;9;29;15;5;33,11° 1.47437' E,46° 52.01477' N,1945.3,11
100.13,767.0,19.29,45.31,813.97,1144.19,18.95,20.25,26;9;29;15;6;33,11° 1.47402' E,46° 52.01472' N,1944.3,11
101.13,746.5,19.2,45.14,813.97,1155.5,17.25,18.55,26;9;29;15;7;33,11° 1.47357' E,46° 52.01562' N,1944.05,11
102.13,717.5,19.1,45.63,813.97,1150.56,19.45,20.6,26;9;29;15;8;33,11° 1.47308' E,46° 52.01577' N,1941.5,11
103.13,742.5,19.05,45.47,813.98,1147.61,17.95,19.05,26;9;29;15;9;33,11° 1.47409' E,46° 52.01491' N,1942.15,11
104.13,735.0,18.83,45.9,813.97,1151.54,19.7,20.8,26;9;29;15;10;33,11° 1.47356' E,46° 52.01556' N,1941.95,11
105.13,710.5,18.68,46.11,813.97,1157.99,18.35,19.45,26;9;29;15;11;33,11° 1.4739' E,46° 52.01486' N,1941.55,11
106.13,713.0,18.52,46.08,813.99,1151.54,19.7,20.85,26;9;29;15;12;33,11° 1.47456' E,46° 52.01541' N,1941.15,11
107.13,718.0,18.46,46.32,813.99,1156.0,20.2,21.3,26;9;29;15;13;33,11° 1.47414' E,46° 52.01556' N,1939.5,11
108.13,712.0,18.41,47.05,813.99,1156.0,19.7,20.8,26;9;29;15;14;33,11° 1.47408' E,46° 52.01528' N,1938.3,11
109.13,681.0,18.33,47.23,814.01,1156.5,17.8,18.8,26;9;29;15;15;33,11° 1.47368' E,46° 52.01633' N,1940.7,11
110.13,698.5,18.25,47.28,814.01,1159.98,19.25,20.5,26;9;29;15;16;33,11° 1.47364' E,46° 52.01628' N,1940.05,11
111.13,698.5,18.17,47.48,814.02,1162.99,17.6,18.65,26;9;29;15;17;33,11° 1.47357' E,46° 52.01599' N,1938.55,11
112.13,698.0,18.1,47.68,814.02,1155.0,17.1,18.1,26;9;29;15;18;33,11° 1.47358' E,46° 52.01619' N,1941.05,11
113.13,704.0,18.02,47.65,814.02,1156.49,18.3,19.4,26;9;29;15;19;33,11° 1.47405' E,46° 52.01532' N,1940.65,11
114.13,706.5,17.97,47.92,814.03,1155.5,17.65,18.7,26;9;29;15;20;33,11° 1.4735' E,46° 52.01619' N,1943.0,11
115.13,752.5,17.86,48.58,814.03,1167.58,20.65,21.8,26;9;29;15;21;33,11° 1.47384' E,46° 52.01641' N,1943.95,11
116.13,780.5,17.74,48.23,814.05,1160.99,18.75,20.05,26;9;29;15;22;33,11° 1.47373' E,46° 52.01556' N,1940.0,11
117.13,787.0,17.6,48.85,814.05,1167.03,19.0,20.35,26;9;29;15;23;33,11° 1.4729' E,46° 52.01699' N,1943.9,11
118.13,783.0,17.45,49.33,814.04,1171.61,20.6,22.1,26;9;29;15;24;33,11° 1.47347' E,46° 52.01704' N,1941.75,11
119.13,794.0,17.33,49.85,814.05,1169.57,23.3,24.8,26;9;29;15;25;33,11° 1.47342' E,46° 52.01641' N,1942.75,11
120.13,791.0,17.23,50.4,814.06,1169.07,21.6,23.0,26;9;29;15;26;33,11° 1.47314' E,46° 52.01768' N,1939.5,11
121.13,763.5,17.14,50.82,814.09,1169.06,23.45,25.1,26;9;29;15;27;33,11° 1.47295' E,46° 52.01757' N,1940.9,11
122.13,770.5,17.04,49.98,814.1,1171.09,23.1,24.7,26;9;29;15;28;33,11° 1.4731' E,46° 52.01813' N,1940.2,11
123.13,756.0,16.97,50.39,814.1,1185.03,25.85,27.4,26;9;29;15;29;33,11° 1.47306' E,46° 52.01681' N,1942.8,11
124.13,696.0,16.88,50.68,814.11,1182.94,28.25,30.3,26;9;29;15;30;33,11° 1.47326' E,46° 52.01616' N,1947.25,11
125.13,731.0,16.87,50.89,814.12,1173.14,27.85,29.7,26;9;29;15;31;33,11° 1.47292' E,46° 52.01683' N,1944.75,11
126.13,745.5,16.8,51.1,814.13,1176.22,31.55,33.7,26;9;29;15;32;24,11° 1.47349' E,46° 52.01603' N,1944.45,11
127.13,746.5,16.77,50.4,814.11,1175.71,33.95,36.15,26;9;29;15;33;33,11° 1.47262' E,46° 52.01732' N,1942.5,11
128.13,746.5,16.71,51.05,814.12,1179.83,32.9,35.35,26;9;29;15;34;24,11° 1.47222' E,46° 52.0182' N,1938.35,11
129.13,750.5,16.63,51.32,814.14,1174.68,36.7,39.55,26;9;29;15;35;24,11° 1.47272' E,46° 52.01764' N,1939.45,11
130.13,749.0,16.56,51.82,814.14,1170.58,42.55,46.1,26;9;29;15;36;24,11° 1.47203' E,46° 52.0181' N,1938.4,11
131.13,750.5,16.47,52.38,814.15,1175.2,48.85,52.7,26;9;29;15;37;24,11° 1.47317' E,46° 52.01594' N,1941.1,11
132.13,748.5,16.44,52.13,814.16,1166.02,54.9,59.25,26;9;29;15;38;24,11° 1.47247' E,46° 52.01706' N,1942.0,11
133.13,752.5,16.44,52.11,814.17,1162.49,52.7,56.8,26;9;29;15;39;24,11° 1.47185' E,46° 52.01853' N,1940.75,11
134.13,746.5,16.37,52.86,814.18,1157.99,68.1,73.9,26;9;29;15;40;33,11° 1.47253' E,46° 52.01692' N,1946.4,11
135.13,746.5,16.26,53.14,814.18,1161.0,62.2,67.85,26;9;29;15;41;33,11° 1.47225' E,46° 52.01658' N,1945.9,11
136.13,723.0,16.17,53.12,814.19,1159.03,66.85,72.85,26;9;29;15;42;24,11° 1.473' E,46° 52.01592' N,1948.4,11
137.13,730.0,16.1,53.28,814.19,1168.07,73.85,80.25,26;9;29;15;43;24,11° 1.47198' E,46° 52.01759' N,1946.85,11
138.13,740.0,16.03,53.68,814.2,1158.49,65.3,71.1,26;9;29;15;44;24,11° 1.47129' E,46° 52.01858' N,1942.3,11
139.13,741.0,15.96,53.84,814.21,1162.49,62.7,68.75,26;9;29;15;45;33,11° 1.47282' E,46° 52.0178' N,1942.2,11
140.13,729.5,15.9,53.95,814.22,1161.49,76.15,82.85,26;9;29;15;46;24,11° 1.47261' E,46° 52.01678' N,1946.6,11
141.13,727.5,15.85,54.2,814.23,1166.53,72.9,79.25,26;9;29;15;47;24,11° 1.4713' E,46° 52.019' N,1942.9,11
142.13,729.0,15.81,54.13,814.25,1160.99,81.8,88.85,26;9;29;15;48;33,11° 1.47119' E,46° 52.01719' N,1942.7,11
143.13,726.0,15.8,53.24,814.26,1149.57,75.8,82.35,26;9;29;15;49;24,11° 1.47195' E,46° 52.0174' N,1941.55,11
144.13,725.0,15.81,52.88,814.27,1155.02,81.95,88.75,26;9;29;15;50;24,11° 1.47101' E,46° 52.01736' N,1941.8,11
145.13,723.5,15.81,52.75,814.29,1159.48,90.4,98.15,26;9;29;15;51;24,11° 1.47215' E,46° 52.01747' N,1944.35,11
146.13,725.0,15.8,52.92,814.29,1148.14,88.95,96.4,26;9;29;15;52;24,11° 1.47192' E,46° 52.01642' N,1945.1,11
147.13,725.5,15.76,52.98,814.3,1150.58,101.35,109.8,26;9;29;15;53;24,11° 1.47321' E,46° 52.01634' N,1947.1,11
148.13,724.0,15.72,53.66,814.31,1133.11,107.35,115.85,26;9;29;15;54;24,11° 1.47337' E,46° 52.016' N,1949.7,11
149.13,724.0,15.64,54.41,814.32,1141.78,107.85,116.85,26;9;29;15;55;24,11° 1.47266' E,46° 52.01665' N,1949.4,11
150.13,725.0,15.53,55.21,814.33,1140.32,115.45,125.1,26;9;29;15;56;24,11° 1.47416' E,46° 52.01618' N,1945.55,11
151.13,727.5,15.45,55.42,814.36,1141.28,133.3,144.2,26;9;29;15;57;33,11° 1.47183' E,46° 52.017' N,1951.6,11
152.13,729.0,15.39,55.49,814.37,1139.36,173.25,186.9,26;9;29;15;58;33,11° 1.47367' E,46° 52.01726' N,1948.4,11
153.13,729.0,15.33,55.68,814.38,1140.8,191.6,206.95,26;9;29;15;59;33,11° 1.47234' E,46° 52.01759' N,1941.55,11
154.13,729.5,15.24,56.57,814.38,1135.02,155.7,168.1,26;9;29;16;0;24,11° 1.47364' E,46° 52.01635' N,1946.7,11
155.13,732.0,15.14,56.61,814.37,1136.46,166.25,179.85,26;9;29;16;1;24,11° 1.47318' E,46° 52.01762' N,1944.3,11
156.13,734.5,15.12,55.37,814.39,1139.35,163.7,176.45,26;9;29;16;2;24,11° 1.47383' E,46° 52.01665' N,1943.95,11
157.13,738.5,15.13,55.17,814.41,1130.25,163.75,176.35,26;9;29;16;3;24,11° 1.47294' E,46° 52.01872' N,1943.2,11
158.13,736.5,15.11,55.36,814.4,1134.54,208.1,224.75,26;9;29;16;4;24,11° 1.47284' E,46° 52.01749' N,1947.55,11
159.13,733.0,15.03,55.83,814.41,1133.6,246.75,266.25,26;9;29;16;5;24,11° 1.47508' E,46° 52.01406' N,1945.0,11
160.13,727.5,14.96,56.01,814.43,1144.19,257.8,278.35,26;9;29;16;6;24,11° 1.47213' E,46° 52.01935' N,1947.8,11
161.13,728.5,14.9,55.48,814.45,1140.32,265.25,286.45,26;9;29;16;7;33,11° 1.47446' E,46° 52.01601' N,1950.6,11
162.13,716.5,14.87,55.34,814.48,1128.37,334.35,361.1,26;9;29;16;8;24,11° 1.47319' E,46° 52.01796' N,1947.9,11
163.13,721.0,14.86,55.31,814.48,1120.84,269.75,291.2,26;9;29;16;9;24,11° 1.47407' E,46° 52.01687' N,1945.9,11
164.13,706.5,14.79,56.72,814.49,1126.0,371.95,401.8,26;9;29;16;10;24,11° 1.47518' E,46° 52.01541' N,1949.35,11
165.13,714.5,14.67,57.56,814.49,1133.11,332.5,358.55,26;9;29;16;11;24,11° 1.47483' E,46° 52.01707' N,1947.95,11
166.13,720.5,14.55,58.29,814.51,1140.81,190.0,205.3,26;9;29;16;12;24,11° 1.47296' E,46° 52.01686' N,1945.6,11
167.13,703.0,14.45,58.88,814.5,1127.41,417.65,450.65,26;9;29;16;13;24,11° 1.47362' E,46° 52.01618' N,1944.0,11
168.13,704.5,14.38,58.95,814.49,1137.9,350.9,378.9,26;9;29;16;14;24,11° 1.47532' E,46° 52.01536' N,1945.9,11
169.13,693.0,14.36,58.06,814.5,1133.13,431.05,465.4,26;9;29;16;15;24,11° 1.47545' E,46° 52.01637' N,1947.25,11
170.13,689.5,14.38,56.69,814.51,1134.06,476.0,513.95,26;9;29;16;16;24,11° 1.47437' E,46° 52.01633' N,1952.15,11
171.13,708.0,14.41,56.3,814.51,1116.18,315.6,340.2,26;9;29;16;17;24,11° 1.47433' E,46° 52.01643' N,1952.35,11
172.13,680.5,14.41,56.34,814.53,1124.13,480.15,518.2,26;9;29;16;18;33,11° 1.47455' E,46° 52.01592' N,1950.85,11
173.13,674.0,14.35,58.39,814.54,1116.19,481.2,518.95,26;9;29;16;19;24,11° 1.47376' E,46° 52.01626' N,1946.55,11
174.13,686.5,14.21,59.18,814.55,1124.59,380.9,411.2,26;9;29;16;20;24,11° 1.47353' E,46° 52.01536' N,1947.75,11
175.13,687.0,14.14,58.51,814.55,1129.78,417.9,451.2,26;9;29;16;21;24,11° 1.47509' E,46° 52.01404' N,1949.9,11
176.13,679.0,14.09,59.54,814.56,1140.32,522.95,564.1,26;9;29;16;22;24,11° 1.47505' E,46° 52.0161' N,1950.05,11
177.13,669.5,13.98,60.77,814.57,1129.78,538.1,579.7,26;9;29;16;23;33,11° 1.47435' E,46° 52.01333' N,1951.2,11
178.13,635.0,13.9,61.02,814.58,1129.78,616.95,663.6,26;9;29;16;24;24,11° 1.47503' E,46° 52.01348' N,1950.45,11
179.13,634.0,13.8,61.36,814.6,1133.6,569.35,613.35,26;9;29;16;25;24,11° 1.47432' E,46° 52.01325' N,1948.55,11
180.13,625.5,13.75,61.63,814.61,1141.29,615.55,661.9,26;9;29;16;26;24,11° 1.4753' E,46° 52.01449' N,1953.5,11
181.13,630.0,13.7,61.71,814.62,1145.17,594.6,639.3,26;9;29;16;27;24,11° 1.47432' E,46° 52.01583' N,1951.65,11
182.13,630.0,13.67,61.77,814.63,1147.62,619.3,665.6,26;9;29;16;28;33,11° 1.47453' E,46° 52.01491' N,1948.15,11
183.13,628.0,13.61,61.93,814.64,1145.17,653.5,700.25,26;9;29;16;29;33,11° 1.47543' E,46° 52.01361' N,1949.95,11
184.13,641.0,13.54,61.95,814.65,1141.31,683.15,731.55,26;9;29;16;30;33,11° 1.47387' E,46° 52.0158' N,1954.35,11
185.13,674.5,13.53,60.62,814.66,1146.64,485.95,521.95,26;9;29;16;31;33,11° 1.47439' E,46° 52.01498' N,1950.15,11
186.13,726.0,13.57,59.61,814.68,1136.94,255.6,274.65,26;9;29;16;32;33,11° 1.47451' E,46° 52.01519' N,1950.9,11
187.13,743.0,13.59,59.3,814.67,1138.87,124.75,134.25,26;9;29;16;33;33,11° 1.47555' E,46° 52.01484' N,1949.1,11
188.13,743.5,13.6,59.16,814.69,1130.25,91.6,98.7,26;9;29;16;34;33,11° 1.47517' E,46° 52.01581' N,1946.55,11
189.13,743.0,13.58,59.31,814.7,1128.83,80.2,86.6,26;9;29;16;35;24,11° 1.47452' E,46° 52.01453' N,1949.3,11
190.13,743.0,13.5,60.91,814.7,1127.41,91.05,98.0,26;9;29;16;36;33,11° 1.47578' E,46° 52.01584' N,1948.8,11
191.13,741.0,13.4,61.17,814.71,1133.11,83.2,89.8,26;9;29;16;37;33,11° 1.47473' E,46° 52.01513' N,1951.1,11
192.13,742.0,13.29,62.21,814.71,1138.38,85.9,92.6,26;9;29;16;38;33,11° 1.47567' E,46° 52.01594' N,1952.7,11
193.13,739.0,13.2,62.1,814.74,1128.83,91.65,99.0,26;9;29;16;39;33,11° 1.4754' E,46° 52.01536' N,1953.05,11
194.13,741.0,13.2,61.14,814.76,1135.06,91.85,99.05,26;9;29;16;40;33,11° 1.47475' E,46° 52.01503' N,1951.4,11
195.13,744.0,13.19,60.97,814.76,1132.63,97.2,104.5,26;9;29;16;41;24,11° 1.47527' E,46° 52.01611' N,1952.1,11
196.13,746.5,13.2,60.36,814.76,1132.17,98.75,106.4,26;9;29;16;42;33,11° 1.4758' E,46° 52.01705' N,1949.1,11
197.13,747.0,13.2,60.18,814.76,1132.16,94.45,101.85,26;9;29;16;43;24,11° 1.47473' E,46° 52.01601' N,1955.5,11
198.13,745.5,13.18,60.39,814.79,1130.73,104.4,112.55,26;9;29;16;44;33,11° 1.47548' E,46° 52.01747' N,1953.2,11
199.13,744.0,13.15,60.48,814.79,1130.73,100.55,108.2,26;9;29;16;45;33,11° 1.47594' E,46° 52.01559' N,1952.15,11
200.13,746.0,13.1,61.32,814.79,1128.36,122.7,132.4,26;9;29;16;46;33,11° 1.47663' E,46° 52.017' N,1947.7,11
201.13,750.0,13.04,61.71,814.8,1122.24,124.0,133.15,26;9;29;16;47;24,11° 1.47561' E,46° 52.01493' N,1953.15,11
202.13,752.0,13.01,61.31,814.8,1130.73,108.95,117.1,26;9;29;16;48;33,11° 1.4758' E,46° 52.01255' N,1944.65,11
203.13,748.0,12.96,61.66,814.8,1127.41,118.95,127.75,26;9;29;16;49;33,11° 1.47506' E,46° 52.016' N,1952.35,11
204.13,747.0,12.91,62.1,814.8,1124.11,129.25,139.1,26;9;29;16;50;33,11° 1.47619' E,46° 52.01554' N,1947.05,11
205.13,748.0,12.88,61.84,814.82,1125.06,127.35,136.6,26;9;29;16;51;33,11° 1.47471' E,46° 52.01363' N,1946.5,11
206.13,747.0,12.85,62.14,814.82,1129.3,129.25,138.95,26;9;29;16;52;33,11° 1.47622' E,46° 52.01669' N,1952.15,11
207.13,747.5,12.85,61.63,814.82,1122.71,137.2,147.35,26;9;29;16;53;33,11° 1.47536' E,46° 52.01614' N,1951.2,11
208.13,753.5,12.83,61.7,814.82,1117.11,143.15,153.65,26;9;29;16;54;33,11° 1.47657' E,46° 52.01633' N,1953.55,11
209.13,751.0,12.81,62.01,814.82,1121.77,140.9,151.5,26;9;29;16;55;33,11° 1.47503' E,46° 52.01316' N,1950.2,11
210.13,751.5,12.75,63.61,814.86,1121.3,136.25,146.45,26;9;29;16;56;33,11° 1.47675' E,46° 52.01531' N,1959.9,11
211.13,752.0,12.66,64.64,814.87,1117.12,141.15,151.4,26;9;29;16;57;33,11° 1.47749' E,46° 52.01571' N,1960.6,11
212.13,742.0,12.65,64.79,814.88,1122.71,144.55,155.0,26;9;29;16;58;33,11° 1.47706' E,46° 52.01541' N,1956.05,11
213.13,780.5,12.65,64.69,814.88,1131.68,135.85,145.8,26;9;29;16;59;33,11° 1.47645' E,46° 52.01579' N,1953.4,11
214.13,757.5,12.64,64.38,814.89,1135.98,140.15,150.25,26;9;29;17;0;33,11° 1.47525' E,46° 52.01341' N,1947.7,11
215.13,754.0,12.6,64.12,814.89,1135.02,139.35,149.3,26;9;29;17;1;33,11° 1.47571' E,46° 52.01556' N,1946.9,11
216.13,760.5,12.52,63.98,814.88,1142.28,145.6,156.0,26;9;29;17;2;33,11° 1.47349' E,46° 52.01416' N,1956.0,11
217.13,761.0,12.47,63.24,814.86,1145.17,156.55,167.8,26;9;29;17;3;33,11° 1.47715' E,46° 52.01544' N,1953.65,11
218.13,761.0,12.46,62.84,814.86,1133.12,161.85,173.45,26;9;29;17;4;33,11° 1.47173' E,46° 52.01238' N,1951.1,11
219.13,761.0,12.43,63.46,814.86,1140.33,170.7,183.05,26;9;29;17;5;33,11° 1.4731' E,46° 52.01317' N,1946.0,11
220.13,757.5,12.41,63.88,814.85,1144.19,173.15,185.6,26;9;29;17;6;33,11° 1.47428' E,46° 52.01587' N,1948.05,11
221.13,759.0,12.34,64.17,814.85,1136.46,179.4,192.2,26;9;29;17;7;33,11° 1.47549' E,46° 52.01302' N,1944.0,11
222.13,759.0,12.27,64.32,814.84,1141.77,185.3,198.55,26;9;29;17;8;33,11° 1.47383' E,46° 52.01556' N,1946.5,11
223.13,758.0,12.22,64.44,814.84,1151.54,183.55,196.55,26;9;29;17;9;33,11° 1.47181' E,46° 52.01315' N,1943.7,11
224.13,757.0,12.17,64.54,814.85,1159.99,184.35,197.3,26;9;29;17;10;33,11° 1.47195' E,46° 52.01252' N,1947.9,11
225.13,750.5,12.13,64.68,814.85,1152.03,200.8,214.8,26;9;29;17;11;33,11° 1.46959' E,46° 52.01098' N,1949.75,11
226.13,748.0,12.07,64.93,814.86,1159.5,192.15,205.8,26;9;29;17;12;33,11° 1.47341' E,46° 52.01312' N,1954.15,11
227.13,753.5,12.06,63.88,814.86,1166.52,203.15,217.9,26;9;29;17;13;33,11° 1.47057' E,46° 52.01284' N,1952.0,11
228.13,761.0,12.07,63.47,814.88,1152.08,213.7,228.5,26;9;29;17;14;33,11° 1.473' E,46° 52.01261' N,1949.8,11
229.13,757.5,12.06,63.45,814.87,1149.57,209.95,224.65,26;9;29;17;15;33,11° 1.47366' E,46° 52.01232' N,1951.7,11
230.13,757.0,12.0,64.36,814.88,1149.59,217.65,232.75,26;9;29;17;16;33,11° 1.47404' E,46° 52.01374' N,1954.85,11
231.13,755.0,11.98,64.04,814.87,1160.48,214.2,229.25,26;9;29;17;17;24,11° 1.47326' E,46° 52.01348' N,1955.6,11
232.13,754.5,11.95,64.59,814.88,1162.0,224.65,240.5,26;9;29;17;18;24,11° 1.47519' E,46° 52.01482' N,1957.4,11
233.13,760.0,11.9,65.01,814.88,1160.98,239.9,256.9,26;9;29;17;19;24,11° 1.47467' E,46° 52.01656' N,1948.75,11
234.13,762.0,11.83,65.15,814.88,1170.07,245.3,262.65,26;9;29;17;20;33,11° 1.47659' E,46° 52.01737' N,1948.35,11
235.13,759.0,11.79,65.16,814.89,1164.0,242.05,259.3,26;9;29;17;21;24,11° 1.47631' E,46° 52.01498' N,1949.45,11
236.13,762.5,11.77,64.27,814.89,1162.5,240.25,257.45,26;9;29;17;22;24,11° 1.47558' E,46° 52.01573' N,1945.35,11
237.13,766.5,11.76,64.01,814.9,1158.49,241.45,258.9,26;9;29;17;23;33,11° 1.47692' E,46° 52.01526' N,1948.05,11
238.13,767.0,11.75,64.61,814.9,1161.49,251.5,269.6,26;9;29;17;24;24,11° 1.477' E,46° 52.01508' N,1949.45,11
239.13,765.0,11.7,65.39,814.91,1156.0,248.35,265.9,26;9;29;17;25;24,11° 1.47704' E,46° 52.0145' N,1954.35,11
240.13,758.5,11.66,65.69,814.92,1161.99,263.1,281.55,26;9;29;17;26;24,11° 1.47462' E,46° 52.01575' N,1948.4,11
241.13,759.0,11.64,65.76,814.92,1168.55,263.55,282.6,26;9;29;17;27;24,11° 1.47497' E,46° 52.01543' N,1947.1,11
242.13,768.0,11.6,65.68,814.94,1168.56,265.05,283.7,26;9;29;17;28;33,11° 1.47586' E,46° 52.01645' N,1949.75,11
243.13,759.0,11.59,65.59,814.95,1166.55,265.05,283.6,26;9;29;17;29;24,11° 1.47541' E,46° 52.0165' N,1947.1,11
244.13,759.0,11.56,65.7,814.94,1173.65,292.75,313.35,26;9;29;17;30;24,11° 1.47509' E,46° 52.0153' N,1947.5,11
245.13,760.0,11.53,65.52,814.95,1167.05,282.1,301.3,26;9;29;17;31;24,11° 1.47486' E,46° 52.01471' N,1945.9,11
246.13,762.0,11.5,65.76,814.96,1175.19,280.55,300.25,26;9;29;17;32;24,11° 1.47413' E,46° 52.01328' N,1943.8,11
247.13,766.5,11.46,65.88,814.96,1174.68,284.75,304.6,26;9;29;17;33;24,11° 1.47558' E,46° 52.0153' N,1943.25,11
248.13,765.0,11.43,65.35,814.97,1172.18,266.85,285.4,26;9;29;17;34;24,11° 1.47589' E,46° 52.01503' N,1947.15,11
249.13,759.5,11.44,64.37,814.97,1172.12,289.6,309.8,26;9;29;17;35;24,11° 1.47452' E,46° 52.01622' N,1947.25,11
250.13,759.0,11.45,64.44,814.98,1171.62,281.85,301.6,26;9;29;17;36;24,11° 1.47577' E,46° 52.01584' N,1947.8,11
251.13,759.0,11.44,64.43,814.98,1171.09,288.55,308.65,26;9;29;17;37;24,11° 1.47445' E,46° 52.01616' N,1945.3,11
252.13,761.0,11.43,64.18,814.98,1152.53,295.6,316.35,26;9;29;17;38;24,11° 1.4762' E,46° 52.01525' N,1946.85,11
253.13,761.5,11.41,64.63,814.98,1160.48,296.45,316.95,26;9;29;17;39;24,11° 1.47607' E,46° 52.01657' N,1949.25,11
254.13,760.0,11.36,64.86,814.98,1152.04,316.4,338.4,26;9;29;17;40;24,11° 1.4754' E,46° 52.01459' N,1946.5,11
255.13,760.0,11.33,64.7,814.98,1155.01,303.1,324.25,26;9;29;17;41;24,11° 1.47509' E,46° 52.01695' N,1945.6,11
256.13,758.0,11.27,65.27,814.98,1165.51,303.7,325.2,26;9;29;17;42;24,11° 1.47592' E,46° 52.01606' N,1943.55,11
257.13,756.0,11.22,65.86,815.0,1158.99,321.0,343.75,26;9;29;17;43;24,11° 1.47539' E,46° 52.01571' N,1943.25,11
258.13,754.0,11.19,66.32,815.01,1170.09,342.5,366.55,26;9;29;17;44;33,11° 1.47554' E,46° 52.01586' N,1943.5,11
259.13,749.5,11.16,66.59,815.01,1170.59,336.7,360.25,26;9;29;17;45;33,11° 1.47605' E,46° 52.01678' N,1943.15,11
260.13,751.0,11.16,66.53,815.03,1174.16,348.65,372.8,26;9;29;17;46;24,11° 1.47587' E,46° 52.01552' N,1943.9,11
261.13,752.0,11.14,66.47,815.03,1183.46,339.15,362.5,26;9;29;17;47;33,11° 1.47548' E,46° 52.01585' N,1942.0,11
262.13,747.0,11.11,66.24,815.04,1165.52,381.05,406.8,26;9;29;17;48;24,11° 1.47375' E,46° 52.01625' N,1942.3,11
263.13,747.5,11.12,65.23,815.04,1177.26,354.25,378.05,26;9;29;17;49;24,11° 1.47571' E,46° 52.01634' N,1944.2,11
264.13,745.5,11.12,64.88,815.05,1170.08,345.0,367.85,26;9;29;17;50;24,11° 1.47453' E,46° 52.01486' N,1942.05,11
265.13,745.5,11.1,64.77,815.05,1163.51,331.45,353.95,26;9;29;17;51;24,11° 1.47562' E,46° 52.01625' N,1943.8,11
266.13,748.0,11.06,65.53,815.06,1154.02,335.85,358.85,26;9;29;17;52;24,11° 1.47606' E,46° 52.01624' N,1945.65,11
267.13,745.0,11.02,65.26,815.08,1162.99,345.3,368.35,26;9;29;17;53;33,11° 1.47508' E,46° 52.01569' N,1944.8,11
268.13,743.0,10.97,65.4,815.09,1167.04,342.05,364.5,26;9;29;17;54;33,11° 1.47468' E,46° 52.01623' N,1945.7,11
269.13,744.0,10.91,65.96,815.08,1156.99,336.8,358.15,26;9;29;17;55;33,11° 1.47449' E,46° 52.01545' N,1944.0,11
270.13,744.0,10.89,65.45,815.09,1162.99,340.0,361.65,26;9;29;17;56;33,11° 1.47409' E,46° 52.01694' N,1944.35,11
271.13,742.5,10.87,65.73,815.1,1171.09,354.45,376.8,26;9;29;17;57;33,11° 1.47447' E,46° 52.01447' N,1943.7,11
272.13,741.5,10.79,66.61,815.11,1166.02,362.5,386.1,26;9;29;17;58;33,11° 1.47462' E,46° 52.01588' N,1944.45,11
273.13,741.5,10.76,66.49,815.12,1164.02,364.15,388.85,26;9;29;17;59;33,11° 1.47463' E,46° 52.01639' N,1943.2,11
274.13,741.0,10.77,65.65,815.12,1160.48,361.85,386.0,26;9;29;18;0;33,11° 1.47504' E,46° 52.01532' N,1944.25,11
275.13,741.0,10.79,65.46,815.13,1171.09,376.1,401.4,26;9;29;18;1;33,11° 1.47359' E,46° 52.01638' N,1943.25,11
276.13,738.0,10.75,66.74,815.12,1161.48,392.8,419.65,26;9;29;18;2;33,11° 1.47419' E,46° 52.01645' N,1944.2,11
277.13,732.0,10.69,67.29,815.12,1174.16,383.25,409.65,26;9;29;18;3;33,11° 1.47439' E,46° 52.01462' N,1946.3,11
278.13,731.5,10.67,66.84,815.13,1174.16,394.75,421.8,26;9;29;18;4;33,11° 1.47377' E,46° 52.01577' N,1943.85,11
279.13,738.5,10.66,66.95,815.13,1167.54,386.25,412.8,26;9;29;18;5;33,11° 1.47418' E,46° 52.01524' N,1946.15,11
280.13,740.5,10.7,65.91,815.13,1166.02,398.1,425.5,26;9;29;18;6;33,11° 1.47478' E,46° 52.01541' N,1947.35,11
281.13,736.0,10.72,65.53,815.13,1158.98,423.9,452.9,26;9;29;18;7;33,11° 1.47401' E,46° 52.01663' N,1946.35,11
282.13,736.5,10.71,65.59,815.13,1150.06,414.35,442.65,26;9;29;18;8;33,11° 1.47541' E,46° 52.01494' N,1946.35,11
283.13,739.0,10.68,65.73,815.13,1160.99,416.75,444.9,26;9;29;18;9;33,11° 1.47512' E,46° 52.01612' N,1946.15,11
284.13,733.5,10.66,66.67,815.13,1156.0,385.4,410.65,26;9;29;18;10;33,11° 1.47403' E,46° 52.01716' N,1946.5,11
285.13,731.0,10.65,67.14,815.13,1158.48,401.9,428.65,26;9;29;18;11;33,11° 1.47409' E,46° 52.01665' N,1944.45,11
286.13,729.0,10.64,67.26,815.13,1162.5,459.45,490.45,26;9;29;18;12;33,11° 1.47433' E,46° 52.01828' N,1944.8,11
287.13,727.5,10.62,67.09,815.13,1163.5,469.15,500.3,26;9;29;18;13;33,11° 1.474' E,46° 52.0186' N,1943.0,11
288.13,727.5,10.59,67.17,815.13,1172.12,450.8,481.5,26;9;29;18;14;24,11° 1.4736' E,46° 52.01669' N,1942.65,11
289.13,726.0,10.61,67.02,815.13,1174.68,474.8,506.6,26;9;29;18;15;24,11° 1.47456' E,46° 52.01602' N,1944.95,11
290.13,730.0,10.65,66.85,815.13,1170.07,462.15,493.6,26;9;29;18;16;24,11° 1.47421' E,46° 52.01704' N,1947.95,11
291.13,729.0,10.66,66.18,815.14,1167.04,464.55,495.65,26;9;29;18;17;24,11° 1.47497' E,46° 52.01478' N,1943.75,11
292.13,727.0,10.66,65.81,815.16,1162.49,459.7,490.15,26;9;29;18;18;24,11° 1.47548' E,46° 52.01546' N,1949.1,11
293.13,726.5,10.64,65.76,815.15,1164.0,466.8,497.35,26;9;29;18;19;24,11° 1.4746' E,46° 52.01473' N,1952.8,11
294.13,726.0,10.62,65.8,815.15,1153.02,492.05,525.0,26;9;29;18;20;24,11° 1.47561' E,46° 52.0154' N,1951.2,11
295.13,727.0,10.58,66.12,815.15,1154.51,491.25,523.9,26;9;29;18;21;24,11° 1.47467' E,46° 52.01643' N,1945.95,11
296.13,728.5,10.55,66.11,815.14,1161.51,496.35,529.7,26;9;29;18;22;33,11° 1.47359' E,46° 52.01637' N,1943.5,11
297.13,726.5,10.52,66.16,815.15,1156.49,534.1,568.9,26;9;29;18;23;33,11° 1.47493' E,46° 52.01582' N,1944.5,11
298.13,726.0,10.49,66.54,815.17,1155.5,485.55,518.2,26;9;29;18;24;24,11° 1.47509' E,46° 52.01385' N,1944.95,11
299.13,726.5,10.49,66.25,815.17,1149.57,513.3,547.5,26;9;29;18;25;24,11° 1.47594' E,46° 52.01448' N,1947.6,11
300.13,728.0,10.48,67.1,815.17,1155.5,508.2,541.0,26;9;29;18;26;24,11° 1.47484' E,46° 52.01616' N,1943.05,11
301.13,728.0,10.46,66.8,815.19,1159.98,512.25,545.7,26;9;29;18;27;33,11° 1.47492' E,46° 52.01397' N,1945.7,11
302.13,724.5,10.44,66.38,815.2,1157.99,528.05,562.65,26;9;29;18;28;33,11° 1.47445' E,46° 52.01539' N,1945.2,11
303.13,721.0,10.42,66.47,815.19,1155.5,522.0,555.95,26;9;29;18;29;33,11° 1.47505' E,46° 52.01516' N,1946.65,11
304.13,721.0,10.38,67.22,815.19,1158.49,515.3,549.15,26;9;29;18;30;24,11° 1.47599' E,46° 52.01462' N,1949.15,11
305.13,722.0,10.34,67.39,815.21,1162.49,522.95,556.9,26;9;29;18;31;33,11° 1.47291' E,46° 52.01672' N,1942.75,11
306.13,719.5,10.33,67.03,815.22,1165.01,519.7,551.85,26;9;29;18;32;24,11° 1.47057' E,46° 52.01974' N,1935.8,11
307.13,718.5,10.31,67.62,815.22,1167.54,537.45,570.2,26;9;29;18;33;24,11° 1.47067' E,46° 52.01708' N,1935.3,11
308.13,718.0,10.32,66.88,815.23,1162.99,527.6,559.95,26;9;29;18;34;33,11° 1.47253' E,46° 52.0164' N,1936.8,11
309.13,717.0,10.32,66.73,815.23,1166.53,542.9,577.1,26;9;29;18;35;24,11° 1.47345' E,46° 52.0152' N,1940.9,11
310.13,717.0,10.3,67.14,815.24,1162.49,547.7,582.2,26;9;29;18;36;24,11° 1.47227' E,46° 52.01517' N,1941.7,11
311.13,718.0,10.29,67.33,815.26,1165.52,567.0,602.8,26;9;29;18;37;24,11° 1.47261' E,46° 52.01614' N,1943.35,11
312.13,719.0,10.29,67.08,815.28,1168.04,578.95,615.55,26;9;29;18;38;24,11° 1.47323' E,46° 52.01622' N,1944.85,11
313.13,721.0,10.3,66.54,815.28,1160.49,556.8,592.1,26;9;29;18;39;24,11° 1.47232' E,46° 52.01666' N,1943.85,11
314.13,722.5,10.27,67.2,815.28,1162.49,567.25,603.2,26;9;29;18;40;24,11° 1.47335' E,46° 52.01642' N,1946.45,11
315.13,722.0,10.25,67.13,815.29,1168.04,580.25,617.55,26;9;29;18;41;24,11° 1.47232' E,46° 52.01677' N,1946.5,11
316.13,721.0,10.23,66.99,815.29,1170.07,591.9,629.25,26;9;29;18;42;24,11° 1.47342' E,46° 52.01487' N,1946.5,11
317.13,721.0,10.22,66.85,815.31,1172.62,595.3,632.65,26;9;29;18;43;24,11° 1.47227' E,46° 52.01648' N,1948.3,11
318.13,718.0,10.2,67.18,815.31,1170.59,598.75,635.7,26;9;29;18;44;24,11° 1.4725' E,46° 52.0159' N,1951.25,11
319.13,715.5,10.2,66.75,815.3,1169.61,597.35,634.3,26;9;29;18;45;24,11° 1.47271' E,46° 52.01684' N,1947.0,11
320.13,712.0,10.18,66.67,815.29,1173.14,583.6,618.9,26;9;29;18;46;24,11° 1.4729' E,46° 52.01652' N,1948.35,11
321.13,709.5,10.16,66.95,815.29,1165.51,603.7,639.55,26;9;29;18;47;24,11° 1.4733' E,46° 52.0175' N,1948.3,11
322.13,708.0,10.15,67.22,815.29,1167.54,626.15,663.35,26;9;29;18;48;24,11° 1.47381' E,46° 52.01653' N,1946.4,11
323.13,706.0,10.15,66.74,815.3,1173.14,596.35,631.95,26;9;29;18;49;24,11° 1.47317' E,46° 52.01781' N,1948.65,11
324.13,707.0,10.17,66.55,815.29,1160.98,626.15,663.25,26;9;29;18;50;24,11° 1.47308' E,46° 52.01709' N,1951.9,11
325.13,706.0,10.16,67.18,815.29,1175.7,629.2,667.5,26;9;29;18;51;24,11° 1.47244' E,46° 52.01968' N,1950.5,11
326.13,705.5,10.14,67.48,815.29,1171.09,618.8,656.4,26;9;29;18;52;24,11° 1.473' E,46° 52.01641' N,1949.55,11
327.13,706.0,10.09,67.53,815.29,1176.73,632.05,670.1,26;9;29;18;53;24,11° 1.47391' E,46° 52.01791' N,1947.05,11
328.13,705.0,10.07,67.49,815.28,1181.9,672.35,712.65,26;9;29;18;54;24,11° 1.47365' E,46° 52.01798' N,1948.4,11
329.13,706.0,10.05,67.81,815.29,1188.16,666.7,707.3,26;9;29;18;55;24,11° 1.47334' E,46° 52.01993' N,1946.05,11
330.13,701.0,10.02,67.86,815.29,1187.12,666.5,706.6,26;9;29;18;56;24,11° 1.47379' E,46° 52.01855' N,1947.1,11
331.13,701.0,9.99,67.09,815.29,1177.76,661.0,700.45,26;9;29;18;57;24,11° 1.4743' E,46° 52.02013' N,1951.2,11
332.13,700.0,10.0,66.95,815.29,1178.79,683.35,724.45,26;9;29;18;58;24,11° 1.47421' E,46° 52.01949' N,1949.15,11
333.13,698.5,10.0,66.78,815.31,1176.73,689.3,730.35,26;9;29;18;59;24,11° 1.47555' E,46° 52.01847' N,1951.35,11
334.13,696.5,10.0,66.72,815.31,1178.27,705.35,747.1,26;9;29;19;0;24,11° 1.47448' E,46° 52.01782' N,1946.8,11
335.13,696.5,9.99,66.71,815.32,1179.31,667.9,707.25,26;9;29;19;1;24,11° 1.47426' E,46° 52.01795' N,1947.9,11
336.13,700.0,9.98,66.7,815.32,1170.08,686.65,727.0,26;9;29;19;2;24,11° 1.47413' E,46° 52.01918' N,1948.55,11
337.13,698.5,9.99,66.47,815.33,1173.65,688.1,728.2,26;9;29;19;3;24,11° 1.47401' E,46° 52.01731' N,1946.05,11
338.13,698.5,9.99,66.61,815.34,1168.04,708.05,748.6,26;9;29;19;4;24,11° 1.47399' E,46° 52.01899' N,1943.05,11
339.13,701.0,9.95,67.68,815.34,1178.27,702.0,741.45,26;9;29;19;5;24,11° 1.47366' E,46° 52.01824' N,1945.75,11
340.13,702.0,9.93,67.54,815.33,1179.31,714.35,754.1,26;9;29;19;6;24,11° 1.47429' E,46° 52.01821' N,1947.4,11
341.13,707.5,9.95,67.4,815.33,1175.7,748.8,791.0,26;9;29;19;7;33,11° 1.47486' E,46° 52.01872' N,1948.1,11
342.13,705.0,9.94,67.43,815.34,1184.5,763.95,808.4,26;9;29;19;8;33,11° 1.47359' E,46° 52.01783' N,1946.7,11
343.13,704.0,9.9,67.53,815.35,1181.38,777.25,822.15,26;9;29;19;9;33,11° 1.47433' E,46° 52.01946' N,1946.1,11
344.13,701.5,9.84,67.76,815.36,1198.25,793.75,840.8,26;9;29;19;10;33,11° 1.47534' E,46° 52.02215' N,1946.7,11
345.13,701.0,9.79,67.77,815.35,1195.58,805.5,852.8,26;9;29;19;11;33,11° 1.47525' E,46° 52.02033' N,1951.95,11
346.13,699.0,9.78,67.75,815.35,1203.59,814.6,861.85,26;9;29;19;12;24,11° 1.47433' E,46° 52.01997' N,1949.65,11
347.13,689.0,9.76,67.82,815.34,1198.76,797.1,843.75,26;9;29;19;13;24,11° 1.47428' E,46° 52.01558' N,1951.0,11
348.13,690.0,9.71,67.89,815.35,1195.56,807.6,854.45,26;9;29;19;14;24,11° 1.47569' E,46° 52.02175' N,1952.0,11
349.13,689.0,9.72,67.16,815.34,1201.43,833.65,881.8,26;9;29;19;15;24,11° 1.47553' E,46° 52.01537' N,1952.95,11
350.13,687.0,9.71,67.15,815.35,1195.03,808.85,856.2,26;9;29;19;16;24,11° 1.47461' E,46° 52.01802' N,1948.45,11
351.13,688.5,9.67,67.43,815.36,1199.33,809.55,856.9,26;9;29;19;17;24,11° 1.47472' E,46° 52.01799' N,1955.7,11
352.13,685.0,9.65,67.86,815.35,1204.66,809.1,856.45,26;9;29;19;18;24,11° 1.47437' E,46° 52.0165' N,1951.95,11
353.13,683.0,9.62,68.05,815.36,1199.83,800.55,846.8,26;9;29;19;19;24,11° 1.4751' E,46° 52.01839' N,1954.15,11
354.13,681.0,9.59,68.14,815.36,1214.46,811.35,857.65,26;9;29;19;20;24,11° 1.47494' E,46° 52.01743' N,1951.55,11
355.13,680.0,9.55,68.36,815.38,1211.17,829.7,877.95,26;9;29;19;21;24,11° 1.47467' E,46° 52.01705' N,1949.5,11
356.13,674.5,9.51,68.52,815.39,1208.99,830.3,879.25,26;9;29;19;22;24,11° 1.47409' E,46° 52.01716' N,1947.8,11
357.13,674.0,9.47,68.48,815.4,1219.42,825.95,874.9,26;9;29;19;23;24,11° 1.47363' E,46° 52.01775' N,1948.55,11
358.13,674.0,9.43,68.54,815.4,1217.2,826.1,873.6,26;9;29;19;24;33,11° 1.47367' E,46° 52.01611' N,1944.9,11
359.13,676.0,9.39,68.78,815.41,1209.54,831.95,879.8,26;9;29;19;25;33,11° 1.47291' E,46° 52.01578' N,1949.9,11
360.13,678.5,9.35,68.94,815.41,1226.07,828.6,875.4,26;9;29;19;26;24,11° 1.47357' E,46° 52.01531' N,1946.25,11
361.13,680.5,9.31,69.07,815.41,1223.84,836.1,883.85,26;9;29;19;27;33,11° 1.47433' E,46° 52.01664' N,1947.4,11
362.13,685.0,9.29,69.03,815.41,1233.98,850.65,899.2,26;9;29;19;28;33,11° 1.47578' E,46° 52.01817' N,1951.45,11
363.13,687.0,9.26,68.92,815.42,1226.63,856.75,906.7,26;9;29;19;29;33,11° 1.47365' E,46° 52.01586' N,1946.1,11
364.13,643.5,9.25,68.91,815.44,1233.38,863.3,914.6,26;9;29;19;30;33,11° 1.47549' E,46° 52.01935' N,1944.45,11
Tijd,CO2,TempBME,RHBME,Press,Rvoc,PM2.5,PM10,TijdGPS,LengteGr,BreedteGr,Hoogte,Sensornummer
Tijd,CO2,TempBME,RHBME,Press,Rvoc,PM2.5,PM10,TijdGPS,LengteGr,BreedteGr,Hoogte,Sensornummer

