Tijd,CO2,TempBME,RHBME,Press,Rvoc,PM2.5,PM10,TijdGPS,LengteGr,BreedteGr,Hoogte,Sensornummer
1.12,880.5,24.11,63.23,1016.97,402.04,0.0,0.0,0,0,0,0,12
2.12,798.0,24.06,62.58,1016.97,497.77,2.5,10.6,0,0,0,0,12
3.12,760.0,23.9,62.56,1016.97,578.2,2.5,8.7,0,0,0,0,12
4.12,746.5,23.71,62.78,1016.98,638.97,2.5,7.0,0,0,0,0,12
5.12,741.5,23.54,63.02,1016.99,682.1,2.6,6.5,0,0,0,0,12
6.12,737.5,23.38,63.32,1016.99,720.46,2.6,6.5,0,0,0,0,12
7.12,735.0,23.24,63.63,1016.98,749.56,2.1,5.6,0,0,0,0,12
8.12,734.0,23.12,63.83,1016.98,772.77,2.4,6.4,0,0,0,0,12
9.12,730.5,23.0,64.07,1016.97,795.63,2.2,5.7,0,0,0,0,12
10.12,730.0,22.88,64.45,1016.97,811.95,2.3,5.7,0,0,0,0,12
11.12,730.0,22.78,64.66,1016.98,828.71,2.6,8.2,0,0,0,0,12
Tijd,CO2,TempBME,RHBME,Press,Rvoc,PM2.5,PM10,TijdGPS,LengteGr,BreedteGr,Hoogte,Sensornummer
Tijd,CO2,TempBME,RHBME,Press,Rvoc,PM2.5,PM10,TijdGPS,LengteGr,BreedteGr,Hoogte,Sensornummer
1.13,596.5,24.99,50.09,958.86,171.59,1.9,5.4,0,0,0,0,12
2.13,685.0,25.1,50.65,958.85,262.44,2.3,5.4,0,0,0,0,12
3.13,736.0,25.21,51.46,958.84,356.53,2.4,7.8,0,0,0,0,12
4.13,736.0,25.27,50.96,958.82,440.06,2.6,6.2,0,0,0,0,12
5.13,741.0,25.29,50.7,958.81,507.08,2.3,5.6,0,0,0,0,12
6.13,739.0,25.36,51.26,958.8,558.24,2.2,4.6,0,0,0,0,12
7.13,734.5,25.39,50.62,958.78,604.19,2.2,7.0,0,0,0,0,12
8.13,735.0,25.38,51.13,958.76,638.32,2.0,5.2,0,0,0,0,12
9.13,738.0,25.36,50.52,958.74,670.15,2.4,6.0,0,0,0,0,12
10.13,738.5,25.39,50.29,958.7,698.37,2.0,5.3,0,0,0,0,12
11.13,744.5,25.43,50.74,958.68,720.46,2.1,4.8,0,0,0,0,12
12.13,733.0,25.43,50.58,958.66,740.31,2.1,4.6,0,0,0,0,12
13.13,728.0,25.39,50.22,958.64,758.18,2.0,4.7,0,0,0,0,12
14.13,728.0,25.29,50.54,958.62,775.67,2.2,8.0,0,0,0,0,12
15.13,727.0,25.19,50.24,958.59,796.33,2.4,4.9,0,0,0,0,12
16.13,727.0,25.2,49.52,958.59,813.18,2.6,11.9,0,0,0,0,12
17.13,721.5,25.1,49.23,958.57,833.59,1.9,5.5,0,0,0,0,12
18.13,717.5,25.03,49.54,958.57,844.85,2.2,8.3,0,0,0,0,12
19.13,718.0,24.96,48.81,958.55,863.3,2.0,6.8,0,0,0,0,12
20.13,726.5,25.0,48.63,958.54,875.08,1.7,4.1,0,0,0,0,12
21.13,724.0,25.29,49.32,958.52,871.96,1.8,6.2,0,0,0,0,12
22.13,726.0,25.37,49.37,958.51,870.55,2.0,6.7,0,0,0,0,12
23.13,719.0,25.28,48.85,958.51,880.81,1.8,5.1,0,0,0,0,12
24.13,718.0,25.21,49.19,958.49,886.91,1.8,5.4,0,0,0,0,12
25.13,714.0,25.22,48.91,958.47,893.69,1.8,5.3,0,0,0,0,12
26.13,715.0,25.26,49.35,958.46,892.21,1.9,4.4,0,0,0,0,12
27.13,723.5,25.29,50.08,958.45,883.13,1.8,4.6,0,0,0,0,12
28.13,720.0,25.29,49.66,958.43,885.45,2.0,8.1,0,0,0,0,12
Tijd,CO2,TempBME,RHBME,Press,Rvoc,PM2.5,PM10,TijdGPS,LengteGr,BreedteGr,Hoogte,Sensornummer
Tijd,CO2,TempBME,RHBME,Press,Rvoc,PM2.5,PM10,TijdGPS,LengteGr,BreedteGr,Hoogte,Sensornummer
1.12,721.5,16.21,55.44,892.02,253.22,7.9,32.8,0,0,0,0,12
2.12,876.5,15.26,57.2,892.0,378.4,8.8,44.5,0,0,0,0,12
3.12,943.0,14.25,60.03,891.99,510.51,9.2,49.4,0,0,0,0,12
4.12,962.5,13.18,63.15,891.97,613.1,8.5,34.5,0,0,0,0,12
5.12,963.5,12.5,64.42,891.97,702.04,10.3,44.8,0,0,0,0,12
6.12,950.5,11.99,66.42,891.97,763.56,9.7,46.5,0,0,0,0,12
7.12,943.5,11.64,67.45,891.96,826.17,10.2,50.0,0,0,0,0,12
8.12,944.0,11.65,67.3,891.96,866.68,7.8,33.4,0,0,0,0,12
9.12,928.5,11.8,66.84,891.96,906.03,6.6,27.1,0,0,0,0,12
10.12,925.5,11.51,68.64,891.95,937.3,8.5,29.9,0,0,0,0,12
11.12,922.0,11.07,70.08,891.97,969.38,7.6,30.2,0,0,0,0,12
12.12,937.5,10.71,71.65,891.97,992.62,8.1,26.8,0,0,0,0,12
13.12,938.0,10.67,71.85,891.97,1013.95,8.8,24.0,0,0,0,0,12
14.12,936.0,10.71,72.7,891.96,1034.22,8.0,29.9,0,0,0,0,12
15.12,934.0,10.73,73.58,891.96,1046.29,9.2,33.1,0,0,0,0,12
16.12,935.0,10.73,73.74,891.97,1063.24,9.0,32.8,0,0,0,0,12
17.12,919.5,10.65,74.5,891.96,1082.06,7.6,22.6,0,0,0,0,12
Tijd,CO2,TempBME,RHBME,Press,Rvoc,PM2.5,PM10,TijdGPS,LengteGr,BreedteGr,Hoogte,Sensornummer
1.13,783.5,19.8,47.83,813.39,442.01,0.0,0.0,0,0,0,0,12
2.13,1350.5,20.21,46.37,813.38,559.71,2.1,13.0,0,0,0,0,12
3.13,1033.0,20.5,45.61,813.37,657.47,1.0,6.2,0,0,0,0,12
4.13,881.5,20.68,45.38,813.35,722.44,0.9,2.8,0,0,0,0,12
5.13,819.5,20.83,44.76,813.36,770.78,0.8,3.4,0,0,0,0,12
6.13,805.0,20.96,44.64,813.38,805.88,0.9,3.2,0,0,0,0,12
7.13,793.5,21.06,44.16,813.38,834.38,0.7,2.1,0,0,0,0,12
8.13,775.0,21.16,44.25,813.38,860.53,0.6,2.4,0,0,0,0,12
9.13,774.0,21.26,44.39,813.38,874.24,0.8,2.3,0,0,0,0,12
10.13,788.0,21.37,44.31,813.36,887.79,1.1,4.9,0,0,0,0,12
11.13,810.0,21.49,43.29,813.37,902.69,0.8,4.3,0,0,0,0,12
12.13,917.0,21.61,43.67,813.38,904.51,0.8,4.6,0,0,0,0,12
13.13,962.5,21.75,44.05,813.36,905.12,1.5,11.3,0,0,0,0,12
14.13,948.5,21.89,44.03,813.35,904.81,1.1,5.4,0,0,0,0,12
15.13,907.5,22.03,43.84,813.35,909.4,1.0,7.1,0,0,0,0,12
16.13,896.5,22.15,44.16,813.36,911.56,0.7,2.6,0,0,0,0,12
17.13,926.5,22.28,44.32,813.36,908.17,0.8,4.7,0,0,0,0,12
18.13,987.5,22.42,44.25,813.37,903.9,0.8,4.1,0,0,0,0,12
19.13,1002.0,22.54,44.2,813.34,898.16,1.0,6.8,0,0,0,0,12
20.13,1037.5,22.66,43.97,813.32,899.06,1.1,7.3,0,0,0,0,12
21.13,1097.5,22.78,43.99,813.32,892.5,1.1,6.4,0,0,0,0,12
22.13,1137.5,22.88,43.98,813.33,891.62,1.0,4.6,0,0,0,0,12
23.13,1151.0,22.98,43.43,813.32,890.73,1.0,5.1,0,0,0,0,12
24.13,1151.5,23.06,43.7,813.33,889.84,0.7,3.5,0,0,0,0,12
25.13,1173.0,23.14,43.71,813.33,888.08,0.9,5.7,0,0,0,0,12
26.13,1158.5,23.23,43.26,813.34,887.21,1.1,6.1,0,0,0,0,12
27.13,1120.5,23.32,43.41,813.34,887.79,1.1,4.9,0,0,0,0,12
28.13,1099.0,23.4,43.1,813.34,886.03,1.0,4.7,0,0,0,0,12
29.13,1085.0,23.47,42.64,813.34,886.91,1.0,4.4,0,0,0,0,12
30.13,1079.0,23.53,42.6,813.33,886.03,1.0,6.3,0,0,0,0,12
31.13,1081.0,23.58,42.42,813.33,884.29,0.9,4.0,0,0,0,0,12
32.13,1083.0,23.61,42.25,813.33,885.16,1.0,4.4,0,0,0,0,12
33.13,1087.0,23.65,42.36,813.31,886.03,0.8,3.2,0,0,0,0,12
34.13,1087.5,23.69,42.36,813.33,886.04,0.9,4.2,0,0,0,0,12
35.13,1079.5,23.73,42.09,813.32,885.45,0.7,3.4,0,0,0,0,12
36.13,1043.0,23.77,41.6,813.28,889.84,1.4,7.5,0,0,0,0,12
37.13,1034.5,23.79,41.43,813.27,889.55,0.7,2.8,0,0,0,0,12
38.13,1017.5,23.82,41.13,813.28,891.91,0.9,4.6,0,0,0,0,12
39.13,1008.0,23.83,41.15,813.27,897.27,0.5,2.9,0,0,0,0,12
40.13,995.0,23.84,41.13,813.24,897.56,0.8,2.8,0,0,0,0,12
41.13,985.0,23.87,40.59,813.24,903.9,0.7,4.0,0,0,0,0,12
42.13,971.5,23.87,40.3,813.24,907.25,0.6,3.0,0,0,0,0,12
43.13,961.0,23.86,40.04,813.22,910.94,0.7,4.0,0,0,0,0,12
44.13,933.0,23.86,40.08,813.22,918.72,0.7,3.0,0,0,0,0,12
45.13,916.5,23.87,39.95,813.2,918.72,0.6,2.3,0,0,0,0,12
46.13,914.5,23.88,39.89,813.21,922.81,0.7,4.8,0,0,0,0,12
47.13,906.5,23.9,39.89,813.2,922.82,0.6,2.3,0,0,0,0,12
48.13,890.5,23.92,39.58,813.19,927.59,0.6,2.9,0,0,0,0,12
49.13,888.0,23.92,39.63,813.17,927.27,0.6,2.1,0,0,0,0,12
50.13,887.0,23.94,39.4,813.18,931.44,0.6,2.6,0,0,0,0,12
51.13,886.0,23.94,39.09,813.18,937.28,0.7,2.6,0,0,0,0,12
52.13,878.5,23.94,39.07,813.16,938.26,0.7,3.3,0,0,0,0,12
53.13,874.5,23.94,39.12,813.16,940.56,0.6,2.2,0,0,0,0,12
54.13,872.5,23.95,38.86,813.13,942.54,0.8,3.3,0,0,0,0,12
55.13,868.0,23.96,38.77,813.14,944.52,0.5,1.8,0,0,0,0,12
56.13,859.5,23.98,38.76,813.12,946.85,0.6,2.5,0,0,0,0,12
57.13,852.0,24.0,38.6,813.1,947.85,0.6,2.3,0,0,0,0,12
58.13,851.0,24.02,38.38,813.09,950.87,0.6,3.0,0,0,0,0,12
59.13,847.5,24.03,38.23,813.1,950.87,0.7,3.2,0,0,0,0,12
60.13,845.0,24.04,38.17,813.1,950.53,0.6,2.0,0,0,0,0,12
61.13,842.0,24.05,38.22,813.09,955.26,0.7,2.4,0,0,0,0,12
62.13,839.5,24.07,38.06,813.08,953.9,0.6,2.9,0,0,0,0,12
63.13,839.0,24.08,37.94,813.06,956.95,0.5,1.9,0,0,0,0,12
64.13,841.0,24.1,37.82,813.04,959.34,0.6,2.2,0,0,0,0,12
65.13,833.0,24.11,37.76,813.04,959.69,0.6,2.7,0,0,0,0,12
66.13,830.5,24.12,37.55,813.04,964.5,0.6,2.2,0,0,0,0,12
67.13,832.0,24.12,37.48,813.04,963.81,0.6,2.8,0,0,0,0,12
68.13,830.5,24.13,37.51,813.03,964.5,0.6,2.7,0,0,0,0,12
69.13,829.0,24.15,37.52,813.02,966.58,0.5,2.0,0,0,0,0,12
70.13,831.5,24.17,37.46,813.02,963.82,0.7,2.1,0,0,0,0,12
71.13,834.0,24.19,37.34,813.02,964.16,0.6,2.5,0,0,0,0,12
72.13,833.0,24.21,37.22,813.01,964.16,0.5,1.6,0,0,0,0,12
73.13,831.0,24.23,37.17,813.01,965.54,0.6,2.6,0,0,0,0,12
74.13,832.5,24.24,37.02,813.01,965.54,0.6,2.2,0,0,0,0,12
75.13,830.0,24.25,36.96,813.02,969.37,0.6,2.1,0,0,0,0,12
76.13,823.0,24.27,36.94,813.02,970.77,0.5,1.9,0,0,0,0,12
77.13,820.5,24.29,36.94,813.03,967.97,0.6,2.6,0,0,0,0,12
78.13,819.0,24.31,36.74,813.03,971.12,0.6,2.0,0,0,0,0,12
79.13,826.0,24.33,36.72,813.04,969.02,0.6,1.9,0,0,0,0,12
80.13,822.5,24.34,36.66,813.04,968.67,0.6,1.9,0,0,0,0,12
81.13,822.0,24.35,36.41,813.04,971.12,0.6,1.8,0,0,0,0,12
82.13,818.5,24.36,36.26,813.04,972.52,0.6,2.0,0,0,0,0,12
83.13,812.0,24.36,36.24,813.04,974.64,0.8,2.3,0,0,0,0,12
84.13,812.0,24.36,36.26,813.05,976.05,0.5,1.6,0,0,0,0,12
85.13,813.0,24.37,36.18,813.06,978.18,0.6,1.8,0,0,0,0,12
86.13,811.0,24.38,36.14,813.05,978.89,0.6,2.1,0,0,0,0,12
87.13,810.0,24.39,36.05,813.06,981.39,0.6,2.7,0,0,0,0,12
88.13,811.0,24.41,35.98,813.05,978.18,0.7,2.2,0,0,0,0,12
89.13,812.0,24.42,35.93,813.05,976.41,0.7,2.6,0,0,0,0,12
90.13,808.0,24.44,35.88,813.06,980.68,0.6,2.1,0,0,0,0,12
91.13,807.5,24.45,35.68,813.05,983.55,0.8,2.6,0,0,0,0,12
92.13,809.0,24.46,35.68,813.05,983.91,0.6,2.5,0,0,0,0,12
93.13,806.0,24.47,35.63,813.05,983.91,0.8,2.3,0,0,0,0,12
94.13,802.5,24.48,35.52,813.04,986.79,0.6,1.9,0,0,0,0,12
95.13,805.5,24.48,35.47,813.04,986.07,0.7,2.3,0,0,0,0,12
96.13,809.5,24.48,35.39,813.04,987.16,0.7,2.6,0,0,0,0,12
97.13,808.0,24.49,35.47,813.03,986.79,0.8,2.6,0,0,0,0,12
98.13,805.5,24.5,35.4,813.03,987.88,0.6,1.5,0,0,0,0,12
99.13,805.0,24.51,35.36,813.03,986.79,0.7,2.3,0,0,0,0,12
100.13,806.0,24.53,35.41,813.03,987.52,0.6,2.4,0,0,0,0,12
101.13,806.0,24.55,35.33,813.03,986.79,0.7,2.1,0,0,0,0,12
102.13,798.0,24.57,35.15,813.03,987.16,0.7,2.7,0,0,0,0,12
103.13,798.5,24.58,35.06,813.04,988.24,0.7,2.2,0,0,0,0,12
104.13,801.0,24.58,35.02,813.04,988.24,0.6,1.6,0,0,0,0,12
105.13,803.5,24.6,35.09,813.05,988.24,0.8,2.5,0,0,0,0,12
106.13,802.0,24.62,35.13,813.06,987.16,0.8,2.4,0,0,0,0,12
107.13,799.5,24.65,35.17,813.08,986.07,0.7,2.2,0,0,0,0,12
108.13,798.5,24.68,35.15,813.06,983.55,0.8,2.5,0,0,0,0,12
109.13,799.0,24.72,35.39,813.06,979.25,0.6,1.7,0,0,0,0,12
110.13,798.0,24.75,35.17,813.05,977.12,0.7,1.9,0,0,0,0,12
111.13,799.0,24.79,35.28,813.05,974.99,0.6,2.5,0,0,0,0,12
112.13,803.0,24.82,35.1,813.05,975.34,0.6,2.0,0,0,0,0,12
113.13,805.0,24.84,34.99,813.05,974.64,0.7,2.8,0,0,0,0,12
114.13,821.0,24.87,35.07,813.05,971.47,0.6,2.4,0,0,0,0,12
115.13,835.0,24.89,35.09,813.06,970.42,0.8,3.4,0,0,0,0,12
116.13,848.5,24.93,35.24,813.06,964.85,0.8,3.5,0,0,0,0,12
117.13,854.5,24.97,35.15,813.05,963.81,0.8,3.2,0,0,0,0,12
Tijd,CO2,TempBME,RHBME,Press,Rvoc,PM2.5,PM10,TijdGPS,LengteGr,BreedteGr,Hoogte,Sensornummer
Tijd,CO2,TempBME,RHBME,Press,Rvoc,PM2.5,PM10,TijdGPS,LengteGr,BreedteGr,Hoogte,Sensornummer
1.13,337.0,23.47,34.97,813.38,753.4,1.2,6.8,0,0,0,0,12
2.13,620.0,24.57,32.96,813.39,830.82,0.8,3.6,0,0,0,0,12
3.13,732.5,25.2,32.53,813.38,897.58,1.2,5.1,0,0,0,0,12
4.13,740.5,25.45,32.89,813.4,939.91,1.0,3.0,0,0,0,0,12
5.13,739.0,25.42,32.0,813.41,975.36,0.9,3.5,0,0,0,0,12
6.13,738.0,25.11,31.01,813.41,1027.51,0.6,2.1,0,0,0,0,12
7.13,732.0,24.7,31.07,813.42,1071.74,0.9,2.6,0,0,0,0,12
8.13,732.5,24.47,31.55,813.41,1091.76,0.8,2.9,0,0,0,0,12
9.13,731.0,24.28,31.58,813.41,1114.33,1.0,3.7,0,0,0,0,12
10.13,707.5,24.09,31.91,813.43,1137.42,0.8,2.1,0,0,0,0,12
11.13,726.5,23.91,32.15,813.44,1156.99,0.9,3.6,0,0,0,0,12
12.13,732.0,23.8,32.1,813.44,1167.54,1.0,2.9,0,0,0,0,12
13.13,732.0,23.79,32.12,813.44,1180.86,0.9,2.6,0,0,0,0,12
14.13,730.5,23.76,32.51,813.43,1186.59,0.8,2.5,0,0,0,0,12
15.13,732.0,23.74,32.45,813.42,1194.49,0.9,2.8,0,0,0,0,12
16.13,729.0,23.7,32.9,813.43,1197.69,1.0,3.0,0,0,0,0,12
17.13,732.0,23.62,32.84,813.41,1205.74,1.0,3.2,0,0,0,0,12
18.13,732.0,23.55,32.9,813.42,1217.2,1.3,4.5,0,0,0,0,12
19.13,730.0,23.45,32.82,813.41,1225.51,1.0,3.0,0,0,0,0,12
20.13,731.5,23.33,33.07,813.39,1231.69,0.9,3.1,0,0,0,0,12
21.13,735.0,23.17,33.36,813.39,1241.35,1.1,3.4,0,0,0,0,12
22.13,732.0,22.93,34.24,813.39,1241.35,1.1,3.1,0,0,0,0,12
23.13,730.0,23.0,34.39,813.39,1244.22,1.1,3.4,0,0,0,0,12
24.13,730.5,23.11,34.57,813.39,1243.64,1.0,3.4,0,0,0,0,12
25.13,733.5,23.14,34.46,813.39,1244.22,1.2,3.8,0,0,0,0,12
26.13,735.0,23.03,34.5,813.39,1243.65,1.2,3.8,0,0,0,0,12
27.13,733.5,23.06,35.01,813.39,1243.64,1.0,3.5,0,0,0,0,12
28.13,731.5,22.94,34.62,813.39,1253.5,1.2,4.5,0,0,0,0,12
29.13,732.0,22.91,35.27,813.38,1250.58,1.1,3.1,0,0,0,0,12
30.13,730.0,22.93,35.47,813.38,1250.58,1.2,3.4,0,0,0,0,12
31.13,731.5,22.93,35.4,813.4,1247.1,1.2,4.6,0,0,0,0,12
32.13,733.5,22.89,35.69,813.41,1245.37,1.3,4.1,0,0,0,0,12
33.13,735.0,22.91,35.6,813.41,1243.07,1.3,3.5,0,0,0,0,12
34.13,737.5,22.94,36.27,813.42,1240.21,1.4,3.5,0,0,0,0,12
35.13,740.0,22.91,35.9,813.43,1243.64,1.5,4.2,0,0,0,0,12
36.13,735.5,22.75,35.95,813.43,1251.75,1.5,3.7,0,0,0,0,12
37.13,740.0,22.55,36.3,813.45,1258.19,1.3,3.5,0,0,0,0,12
38.13,734.0,22.51,36.37,813.46,1255.84,2.0,4.1,0,0,0,0,12
39.13,735.0,22.5,36.68,813.45,1254.08,1.7,4.2,0,0,0,0,12
40.13,737.0,22.53,36.8,813.44,1244.79,1.4,4.6,0,0,0,0,12
41.13,735.0,22.55,36.42,813.43,1248.84,1.4,4.4,0,0,0,0,12
42.13,733.0,22.54,36.52,813.44,1249.42,1.5,4.2,0,0,0,0,12
43.13,731.0,22.55,36.38,813.46,1243.64,1.4,4.3,0,0,0,0,12
44.13,735.0,22.57,37.16,813.47,1240.21,1.4,3.7,0,0,0,0,12
45.13,734.5,22.55,37.05,813.47,1240.21,2.1,8.5,0,0,0,0,12
46.13,728.5,22.51,37.54,813.47,1237.35,1.9,8.1,0,0,0,0,12
47.13,730.0,22.49,37.07,813.47,1234.51,1.4,4.4,0,0,0,0,12
48.13,731.0,22.41,36.22,813.47,1253.5,1.4,3.5,0,0,0,0,12
49.13,730.5,22.37,36.53,813.48,1251.75,1.4,4.7,0,0,0,0,12
50.13,734.0,22.42,37.27,813.49,1243.64,1.2,3.5,0,0,0,0,12
51.13,736.0,22.38,37.08,813.49,1247.1,1.9,5.2,0,0,0,0,12
52.13,739.5,22.4,37.69,813.49,1238.49,1.6,4.1,0,0,0,0,12
53.13,746.0,22.42,37.42,813.49,1239.63,1.8,4.2,0,0,0,0,12
54.13,743.0,22.43,36.97,813.49,1240.78,1.5,4.3,0,0,0,0,12
55.13,740.5,22.41,36.83,813.5,1243.64,1.3,4.5,0,0,0,0,12
56.13,741.0,22.4,37.02,813.49,1239.63,1.6,5.0,0,0,0,0,12
57.13,740.0,22.43,37.48,813.5,1228.31,1.6,4.1,0,0,0,0,12
58.13,743.0,22.53,37.86,813.51,1218.85,1.8,6.3,0,0,0,0,12
59.13,746.0,22.59,37.87,813.52,1213.35,1.5,4.4,0,0,0,0,12
60.13,748.0,22.62,37.8,813.54,1212.8,1.6,5.0,0,0,0,0,12
61.13,749.5,22.57,37.73,813.54,1215.0,1.8,4.7,0,0,0,0,12
62.13,753.0,22.49,37.94,813.54,1215.0,1.9,8.6,0,0,0,0,12
63.13,753.5,22.48,38.16,813.56,1212.8,1.8,4.5,0,0,0,0,12
64.13,752.0,22.47,38.22,813.57,1210.62,1.7,4.8,0,0,0,0,12
65.13,757.5,22.42,38.16,813.57,1210.08,1.9,6.0,0,0,0,0,12
66.13,756.0,22.38,38.49,813.56,1208.99,1.6,4.4,0,0,0,0,12
67.13,753.5,22.33,38.37,813.56,1210.08,1.8,4.3,0,0,0,0,12
68.13,753.5,22.21,39.03,813.55,1211.71,2.1,8.35,0,0,0,0,12
69.13,752.0,22.16,38.91,813.54,1212.8,2.15,9.1,0,0,0,0,12
70.13,748.0,22.05,39.3,813.55,1215.54,2.1,5.85,0,0,0,0,12
71.13,771.0,21.9,38.94,813.54,1227.75,2.1,5.45,0,0,0,0,12
72.13,762.5,21.83,39.56,813.56,1221.62,2.1,5.05,0,0,0,0,12
73.13,753.5,21.77,39.38,813.58,1226.07,2.05,4.35,0,0,0,0,12
74.13,750.0,21.65,39.34,813.56,1230.56,1.8,3.75,0,0,0,0,12
75.13,744.0,21.55,39.72,813.57,1232.81,1.85,4.45,0,0,0,0,12
76.13,743.5,21.48,40.38,813.58,1231.69,1.9,4.75,0,0,0,0,12
77.13,744.0,21.44,39.9,813.58,1232.82,1.85,4.15,0,0,0,0,12
78.13,741.0,21.37,40.25,813.58,1237.92,1.9,4.0,0,0,0,0,12
79.13,741.0,21.33,40.72,813.59,1231.12,2.1,4.9,0,0,0,0,12
80.13,743.5,21.3,40.89,813.6,1232.81,2.25,5.4,0,0,0,0,12
81.13,750.0,21.27,40.83,813.61,1232.81,2.05,4.7,0,0,0,0,12
82.13,748.0,21.24,40.65,813.6,1232.82,1.95,4.95,0,0,0,0,12
83.13,748.5,21.23,40.6,813.6,1235.08,1.9,5.1,0,0,0,0,12
84.13,750.0,21.22,40.63,813.61,1232.25,1.85,5.0,0,0,0,0,12
85.13,757.5,21.16,40.69,813.62,1232.25,1.85,4.75,0,0,0,0,12
86.13,754.0,21.05,41.08,813.61,1237.35,1.75,4.3,0,0,0,0,12
87.13,748.0,20.96,41.49,813.59,1237.92,2.05,6.6,0,0,0,0,12
88.13,748.0,20.96,41.4,813.6,1237.35,2.35,7.75,0,0,0,0,12
89.13,745.5,20.97,41.46,813.6,1235.65,2.15,6.2,0,0,0,0,12
90.13,743.5,20.97,41.53,813.61,1232.81,2.3,6.7,0,0,0,0,12
91.13,745.0,20.98,41.31,813.62,1233.95,2.45,6.55,0,0,0,0,12
92.13,744.0,20.98,41.07,813.62,1236.21,2.1,5.1,0,0,0,0,12
93.13,744.5,20.97,41.78,813.62,1228.31,2.1,5.4,0,0,0,0,12
94.13,748.0,20.93,41.38,813.64,1232.81,2.0,4.8,0,0,0,0,12
95.13,750.0,20.85,41.16,813.63,1240.78,1.9,3.95,0,0,0,0,12
96.13,747.0,20.8,41.19,813.64,1238.5,2.1,4.6,0,0,0,0,12
97.13,745.5,20.77,41.65,813.63,1239.63,2.05,4.85,0,0,0,0,12
98.13,744.0,20.82,41.8,813.65,1231.69,2.0,6.4,0,0,0,0,12
99.13,742.5,20.87,42.32,813.66,1222.18,2.1,8.2,0,0,0,0,12
100.13,741.0,20.96,42.36,813.68,1216.09,2.1,8.75,0,0,0,0,12
101.13,740.0,20.99,41.82,813.67,1216.65,2.25,7.65,0,0,0,0,12
102.13,737.5,20.95,41.67,813.67,1219.4,2.25,5.65,0,0,0,0,12
103.13,743.0,20.84,42.06,813.67,1212.8,2.2,5.25,0,0,0,0,12
104.13,746.0,20.8,41.95,813.67,1215.0,2.1,4.8,0,0,0,0,12
105.13,748.0,20.71,41.85,813.68,1213.92,2.05,5.35,0,0,0,0,12
106.13,749.5,20.62,41.85,813.69,1211.71,2.2,5.55,0,0,0,0,12
107.13,755.0,20.56,41.67,813.7,1210.62,2.2,4.65,0,0,0,0,12
108.13,751.0,20.47,42.0,813.7,1207.37,2.15,4.4,0,0,0,0,12
109.13,745.5,20.32,42.67,813.73,1212.82,2.2,4.8,0,0,0,0,12
110.13,744.5,20.16,42.84,813.73,1210.08,2.1,4.95,0,0,0,0,12
111.13,739.0,19.99,43.13,813.74,1210.62,1.85,4.75,0,0,0,0,12
112.13,740.0,19.86,43.52,813.74,1212.8,1.95,4.7,0,0,0,0,12
113.13,741.0,19.73,43.67,813.75,1215.0,2.1,4.75,0,0,0,0,12
114.13,745.5,19.58,44.52,813.76,1219.4,2.0,4.75,0,0,0,0,12
115.13,745.5,19.45,44.47,813.77,1221.62,2.0,4.85,0,0,0,0,12
116.13,747.0,19.33,44.18,813.77,1226.07,2.35,6.0,0,0,0,0,12
117.13,748.0,19.21,44.72,813.77,1228.31,2.3,5.7,0,0,0,0,12
118.13,749.5,19.02,45.06,813.77,1229.43,2.3,8.2,0,0,0,0,12
119.13,751.0,18.87,45.34,813.77,1235.08,2.55,12.5,0,0,0,0,12
120.13,756.0,18.75,46.05,813.78,1231.12,2.5,14.45,0,0,0,0,12
121.13,754.0,18.68,46.27,813.79,1231.12,2.65,12.8,0,0,0,0,12
122.13,753.0,18.58,46.04,813.79,1227.19,2.65,9.7,0,0,0,0,12
123.13,751.5,18.48,46.13,813.8,1235.08,2.45,9.35,0,0,0,0,12
124.13,757.5,18.36,46.26,813.81,1236.78,2.3,7.6,0,0,0,0,12
125.13,759.5,18.27,46.56,813.81,1237.92,2.05,5.45,0,0,0,0,12
126.13,760.0,18.19,46.96,813.81,1234.51,2.15,6.05,0,0,0,0,12
127.13,762.5,18.12,46.42,813.81,1237.92,2.45,6.7,0,0,0,0,12
128.13,761.5,18.05,47.0,813.83,1241.92,2.6,7.25,0,0,0,0,12
129.13,763.0,17.95,47.43,813.85,1242.49,2.7,10.9,0,0,0,0,12
130.13,762.0,17.88,47.59,813.86,1240.2,2.95,13.45,0,0,0,0,12
131.13,762.5,17.81,47.89,813.86,1241.35,3.05,12.3,0,0,0,0,12
132.13,761.5,17.76,47.6,813.87,1239.63,3.05,10.65,0,0,0,0,12
133.13,759.5,17.69,47.98,813.87,1239.06,2.9,9.55,0,0,0,0,12
134.13,761.0,17.62,48.06,813.89,1235.08,2.75,10.1,0,0,0,0,12
135.13,762.0,17.52,49.17,813.9,1238.49,2.85,11.75,0,0,0,0,12
136.13,762.5,17.42,49.25,813.91,1238.49,3.0,13.85,0,0,0,0,12
137.13,766.0,17.35,49.16,813.91,1244.22,3.1,15.1,0,0,0,0,12
138.13,765.0,17.29,49.16,813.95,1239.06,3.4,17.95,0,0,0,0,12
139.13,767.5,17.23,49.42,813.97,1237.35,3.45,20.5,0,0,0,0,12
140.13,770.0,17.16,49.51,813.96,1239.64,3.1,17.15,0,0,0,0,12
141.13,768.0,17.1,49.66,813.98,1239.63,3.15,13.3,0,0,0,0,12
142.13,771.5,17.04,50.02,813.97,1233.38,2.85,10.75,0,0,0,0,12
143.13,771.0,16.97,50.18,813.99,1233.94,2.55,8.55,0,0,0,0,12
144.13,775.0,16.9,50.47,814.0,1235.08,2.7,6.95,0,0,0,0,12
145.13,778.0,16.85,50.09,814.02,1233.95,2.75,6.65,0,0,0,0,12
146.13,776.0,16.8,50.06,814.04,1230.0,2.55,7.3,0,0,0,0,12
147.13,773.0,16.76,50.98,814.04,1232.81,2.5,7.1,0,0,0,0,12
148.13,775.0,16.73,51.45,814.06,1230.0,2.45,6.9,0,0,0,0,12
149.13,772.0,16.69,51.62,814.07,1233.38,2.6,7.1,0,0,0,0,12
150.13,774.5,16.64,51.31,814.07,1230.56,3.0,8.65,0,0,0,0,12
151.13,773.5,16.58,51.91,814.07,1228.87,2.9,9.15,0,0,0,0,12
152.13,777.0,16.5,52.15,814.08,1227.19,2.75,8.5,0,0,0,0,12
153.13,775.0,16.44,52.21,814.08,1226.07,2.6,7.1,0,0,0,0,12
154.13,776.0,16.36,52.27,814.09,1224.96,2.5,6.5,0,0,0,0,12
155.13,778.0,16.28,52.68,814.09,1222.73,2.95,9.85,0,0,0,0,12
156.13,778.0,16.19,52.74,814.12,1223.84,3.05,10.65,0,0,0,0,12
157.13,779.0,16.07,52.87,814.13,1221.06,2.95,11.0,0,0,0,0,12
158.13,779.5,15.91,53.96,814.16,1219.4,3.3,12.15,0,0,0,0,12
159.13,781.5,15.8,54.31,814.18,1221.62,3.3,11.55,0,0,0,0,12
160.13,781.0,15.73,55.07,814.18,1221.06,3.0,10.15,0,0,0,0,12
161.13,783.0,15.64,55.44,814.19,1218.3,2.7,7.95,0,0,0,0,12
162.13,784.5,15.58,55.35,814.2,1216.64,2.5,7.45,0,0,0,0,12
163.13,786.0,15.52,54.93,814.21,1221.62,2.6,7.45,0,0,0,0,12
164.13,788.0,15.47,54.64,814.22,1218.85,2.85,9.35,0,0,0,0,12
165.13,788.5,15.42,54.34,814.23,1221.06,3.1,11.55,0,0,0,0,12
166.13,789.0,15.36,54.83,814.22,1215.54,3.2,10.8,0,0,0,0,12
167.13,786.5,15.31,54.75,814.23,1215.0,3.25,9.0,0,0,0,0,12
168.13,784.0,15.27,55.12,814.22,1217.75,3.2,9.0,0,0,0,0,12
169.13,786.5,15.24,55.79,814.21,1216.1,3.2,10.0,0,0,0,0,12
170.13,787.0,15.22,55.78,814.22,1212.81,3.0,8.55,0,0,0,0,12
171.13,788.0,15.18,55.14,814.24,1217.2,2.9,9.1,0,0,0,0,12
172.13,790.5,15.12,55.14,814.28,1215.55,3.25,11.35,0,0,0,0,12
173.13,791.5,15.06,55.62,814.28,1215.0,3.3,11.55,0,0,0,0,12
174.13,796.0,15.01,56.05,814.29,1213.9,3.25,12.9,0,0,0,0,12
175.13,800.0,14.95,56.03,814.29,1213.35,3.15,12.1,0,0,0,0,12
176.13,798.0,14.89,56.06,814.31,1215.54,3.35,11.7,0,0,0,0,12
177.13,801.0,14.85,56.51,814.3,1212.8,3.4,12.05,0,0,0,0,12
178.13,802.5,14.79,57.11,814.33,1213.9,3.05,8.9,0,0,0,0,12
179.13,804.0,14.71,57.72,814.35,1215.54,3.25,10.15,0,0,0,0,12
180.13,805.5,14.63,58.36,814.36,1216.09,4.1,16.95,0,0,0,0,12
181.13,810.0,14.57,58.56,814.36,1215.54,4.05,16.75,0,0,0,0,12
182.13,810.5,14.56,58.57,814.38,1214.45,3.35,12.75,0,0,0,0,12
183.13,810.0,14.56,58.14,814.39,1214.45,3.25,12.75,0,0,0,0,12
184.13,813.0,14.56,57.61,814.41,1215.0,3.3,12.65,0,0,0,0,12
185.13,810.5,14.53,57.31,814.41,1213.9,3.4,13.55,0,0,0,0,12
186.13,813.0,14.46,57.46,814.42,1217.19,3.55,13.75,0,0,0,0,12
187.13,815.0,14.4,57.37,814.41,1216.64,3.7,13.0,0,0,0,0,12
188.13,738.5,14.33,57.82,814.42,1219.4,3.9,14.0,0,0,0,0,12
189.13,703.5,14.29,57.73,814.42,1216.64,3.1,12.6,0,0,0,0,12
190.13,694.5,14.25,58.83,814.44,1216.64,3.3,13.2,0,0,0,0,12
191.13,694.0,14.19,58.42,814.44,1217.19,3.0,9.3,0,0,0,0,12
192.13,694.0,14.13,58.37,814.46,1220.51,3.4,11.1,0,0,0,0,12
193.13,693.5,14.08,58.53,814.47,1219.96,4.0,16.5,0,0,0,0,12
194.13,693.0,14.0,58.92,814.49,1221.06,3.2,12.5,0,0,0,0,12
195.13,695.0,13.93,59.55,814.49,1220.51,2.7,9.4,0,0,0,0,12
196.13,694.0,13.92,59.63,814.49,1220.51,3.2,13.2,0,0,0,0,12
197.13,695.0,13.92,59.54,814.49,1218.3,2.9,9.5,0,0,0,0,12
198.13,696.0,13.92,59.42,814.51,1219.96,4.5,13.6,0,0,0,0,12
199.13,695.0,13.93,59.85,814.52,1217.19,3.1,10.2,0,0,0,0,12
200.13,695.0,13.92,60.69,814.53,1212.26,3.0,10.2,0,0,0,0,12
201.13,694.0,13.88,61.02,814.53,1215.54,3.0,11.2,0,0,0,0,12
202.13,694.0,13.84,61.21,814.55,1215.54,3.2,11.2,0,0,0,0,12
203.13,695.0,13.8,61.5,814.57,1215.54,3.0,10.6,0,0,0,0,12
204.13,694.0,13.75,61.88,814.6,1217.75,3.2,10.9,0,0,0,0,12
205.13,692.5,13.73,61.76,814.59,1217.19,3.0,9.0,0,0,0,0,12
206.13,694.0,13.71,61.99,814.6,1216.64,3.2,8.0,0,0,0,0,12
207.13,697.0,13.67,61.08,814.6,1213.35,3.1,12.7,0,0,0,0,12
208.13,700.0,13.61,60.42,814.6,1213.35,3.4,8.2,0,0,0,0,12
209.13,702.0,13.54,60.55,814.6,1215.54,3.9,9.0,0,0,0,0,12
210.13,702.0,13.5,61.58,814.6,1216.64,3.3,9.4,0,0,0,0,12
211.13,701.5,13.47,61.17,814.61,1217.75,2.9,8.2,0,0,0,0,12
212.13,700.5,13.41,61.97,814.61,1220.51,3.1,10.8,0,0,0,0,12
213.13,699.5,13.34,62.81,814.61,1221.06,3.8,11.0,0,0,0,0,12
214.13,698.5,13.25,62.87,814.61,1221.62,3.5,11.6,0,0,0,0,12
215.13,698.0,13.2,62.22,814.61,1224.96,2.9,10.4,0,0,0,0,12
216.13,698.0,13.18,61.77,814.6,1221.62,2.8,10.1,0,0,0,0,12
217.13,697.5,13.16,61.37,814.61,1223.84,2.8,9.3,0,0,0,0,12
218.13,698.0,13.08,62.29,814.59,1232.82,2.6,8.6,0,0,0,0,12
219.13,696.5,13.02,61.99,814.6,1227.19,3.2,8.8,0,0,0,0,12
220.13,696.0,13.06,61.58,814.59,1231.12,4.6,8.9,0,0,0,0,12
221.13,696.5,13.13,62.03,814.58,1227.19,3.8,9.0,0,0,0,0,12
222.13,698.5,13.16,61.98,814.59,1231.69,2.9,6.9,0,0,0,0,12
223.13,699.0,13.16,61.52,814.59,1231.12,3.1,8.5,0,0,0,0,12
224.13,699.0,13.1,61.4,814.57,1235.08,2.8,7.3,0,0,0,0,12
225.13,701.0,12.99,62.22,814.59,1233.38,2.2,6.4,0,0,0,0,12
226.13,699.0,12.89,62.2,814.61,1236.78,2.7,6.4,0,0,0,0,12
227.13,696.5,12.84,62.3,814.62,1235.65,2.5,5.6,0,0,0,0,12
228.13,697.0,12.8,61.68,814.62,1237.92,3.2,7.4,0,0,0,0,12
229.13,699.5,12.78,61.52,814.63,1233.38,2.3,6.7,0,0,0,0,12
230.13,700.5,12.78,62.09,814.63,1232.81,2.3,6.4,0,0,0,0,12
231.13,700.0,12.75,61.88,814.63,1235.08,2.1,5.1,0,0,0,0,12
232.13,699.0,12.7,61.81,814.63,1239.06,2.3,5.8,0,0,0,0,12
233.13,699.0,12.65,61.88,814.64,1243.64,2.2,6.4,0,0,0,0,12
234.13,697.5,12.63,62.35,814.66,1245.37,2.4,4.9,0,0,0,0,12
235.13,697.0,12.6,62.3,814.66,1243.64,2.3,5.3,0,0,0,0,12
236.13,696.0,12.58,62.48,814.67,1246.53,2.1,5.7,0,0,0,0,12
237.13,696.5,12.54,62.45,814.67,1243.07,1.9,4.8,0,0,0,0,12
238.13,704.5,12.51,62.07,814.68,1243.07,3.5,8.0,0,0,0,0,12
239.13,705.5,12.49,62.5,814.68,1243.07,2.8,8.0,0,0,0,0,12
240.13,706.5,12.45,62.55,814.68,1248.27,2.3,6.3,0,0,0,0,12
241.13,706.0,12.37,62.9,814.7,1250.58,2.3,7.1,0,0,0,0,12
242.13,704.0,12.33,62.81,814.7,1247.68,2.5,7.3,0,0,0,0,12
243.13,703.0,12.31,62.83,814.71,1244.22,2.3,6.6,0,0,0,0,12
244.13,702.0,12.29,62.79,814.72,1251.75,2.0,6.0,0,0,0,0,12
245.13,701.0,12.27,62.84,814.71,1247.1,2.2,6.5,0,0,0,0,12
246.13,696.5,12.25,62.99,814.72,1250.58,2.9,8.1,0,0,0,0,12
247.13,702.5,12.25,63.39,814.72,1254.09,2.3,6.1,0,0,0,0,12
248.13,704.5,12.24,63.56,814.72,1255.84,1.9,5.4,0,0,0,0,12
249.13,704.0,12.21,62.88,814.73,1255.84,1.9,5.9,0,0,0,0,12
250.13,704.0,12.17,62.68,814.73,1250.0,2.4,7.7,0,0,0,0,12
251.13,704.0,12.13,62.89,814.74,1254.67,2.2,6.3,0,0,0,0,12
252.13,701.0,12.11,62.72,814.75,1250.0,2.3,5.9,0,0,0,0,12
253.13,700.0,12.1,62.88,814.75,1252.91,2.3,5.0,0,0,0,0,12
254.13,700.0,12.08,62.73,814.74,1251.75,2.4,4.9,0,0,0,0,12
255.13,698.5,12.02,63.15,814.73,1252.33,2.4,5.3,0,0,0,0,12
256.13,699.0,11.97,63.13,814.74,1251.16,1.9,5.7,0,0,0,0,12
257.13,699.0,11.91,62.78,814.77,1252.91,2.1,5.5,0,0,0,0,12
258.13,697.5,11.85,63.0,814.76,1254.08,2.5,5.3,0,0,0,0,12
259.13,698.0,11.81,63.3,814.78,1252.91,2.4,5.4,0,0,0,0,12
260.13,698.5,11.75,64.38,814.79,1260.54,2.3,6.3,0,0,0,0,12
261.13,697.5,11.67,64.79,814.79,1255.84,2.2,5.0,0,0,0,0,12
262.13,701.5,11.63,64.5,814.81,1257.6,2.0,4.4,0,0,0,0,12
263.13,703.0,11.61,63.9,814.8,1258.19,2.2,5.3,0,0,0,0,12
264.13,703.5,11.6,63.63,814.81,1266.48,2.2,6.4,0,0,0,0,12
265.13,706.5,11.59,63.42,814.82,1257.6,2.1,7.1,0,0,0,0,12
266.13,705.0,11.56,63.54,814.85,1255.25,2.2,6.0,0,0,0,0,12
267.13,703.5,11.6,64.32,814.84,1261.73,2.2,6.3,0,0,0,0,12
268.13,706.0,11.65,64.65,814.83,1264.1,2.0,7.4,0,0,0,0,12
269.13,707.0,11.67,64.65,814.82,1260.54,2.3,6.6,0,0,0,0,12
270.13,707.0,11.64,63.91,814.83,1262.32,2.0,5.2,0,0,0,0,12
271.13,706.0,11.58,63.76,814.88,1260.54,2.3,9.2,0,0,0,0,12
272.13,706.0,11.54,63.77,814.88,1262.32,2.0,5.8,0,0,0,0,12
273.13,707.0,11.51,64.2,814.89,1263.5,2.0,4.5,0,0,0,0,12
274.13,707.0,11.49,64.41,814.89,1267.67,1.8,5.7,0,0,0,0,12
275.13,706.0,11.46,64.21,814.89,1264.1,2.0,4.5,0,0,0,0,12
276.13,703.0,11.46,64.76,814.9,1264.1,2.2,6.1,0,0,0,0,12
277.13,701.0,11.43,64.36,814.89,1262.32,1.9,6.9,0,0,0,0,12
278.13,702.0,11.39,64.13,814.9,1261.73,1.9,5.5,0,0,0,0,12
279.13,703.5,11.36,63.79,814.89,1259.95,2.6,5.4,0,0,0,0,12
280.13,703.0,11.34,63.83,814.89,1262.32,1.9,4.6,0,0,0,0,12
281.13,704.0,11.29,63.92,814.9,1262.91,2.0,7.3,0,0,0,0,12
282.13,702.0,11.25,64.27,814.9,1261.73,2.0,6.0,0,0,0,0,12
283.13,703.0,11.25,64.33,814.91,1258.19,2.3,5.9,0,0,0,0,12
284.13,703.0,11.26,64.58,814.92,1252.91,4.9,7.8,0,0,0,0,12
285.13,703.5,11.27,64.38,814.91,1262.91,2.9,7.2,0,0,0,0,12
286.13,703.0,11.21,64.83,814.89,1265.29,2.1,6.6,0,0,0,0,12
287.13,703.0,11.19,64.57,814.89,1263.5,2.3,5.1,0,0,0,0,12
288.13,703.0,11.24,64.72,814.9,1262.91,1.9,6.0,0,0,0,0,12
289.13,701.5,11.29,64.64,814.9,1262.91,2.2,4.9,0,0,0,0,12
290.13,704.0,11.3,64.7,814.91,1268.87,2.2,5.4,0,0,0,0,12
291.13,703.0,11.29,64.63,814.92,1267.08,2.8,8.4,0,0,0,0,12
292.13,702.5,11.24,64.34,814.91,1264.1,2.2,4.9,0,0,0,0,12
293.13,701.0,11.17,64.25,814.9,1262.32,2.1,5.5,0,0,0,0,12
294.13,700.0,11.13,64.25,814.9,1261.14,2.2,4.8,0,0,0,0,12
295.13,699.0,11.11,64.42,814.9,1259.36,2.0,5.3,0,0,0,0,12
296.13,700.0,11.1,64.82,814.91,1262.91,2.9,6.1,0,0,0,0,12
297.13,699.5,11.1,64.73,814.91,1259.95,3.0,7.1,0,0,0,0,12
298.13,700.0,11.12,65.1,814.91,1263.51,3.4,6.8,0,0,0,0,12
299.13,700.0,11.14,64.79,814.92,1262.91,2.2,5.1,0,0,0,0,12
300.13,701.0,11.13,64.89,814.92,1255.84,2.2,4.9,0,0,0,0,12
301.13,699.0,11.1,64.77,814.91,1257.6,2.0,4.5,0,0,0,0,12
302.13,702.5,11.05,64.83,814.92,1263.5,1.8,4.2,0,0,0,0,12
303.13,701.5,11.02,65.32,814.93,1262.92,2.4,5.4,0,0,0,0,12
304.13,701.0,11.05,65.84,814.94,1262.32,2.8,6.3,0,0,0,0,12
305.13,702.0,11.06,65.6,814.95,1262.91,2.0,4.8,0,0,0,0,12
306.13,699.5,11.06,65.61,814.95,1262.32,2.1,4.8,0,0,0,0,12
307.13,699.0,11.06,65.35,814.96,1261.73,2.1,4.7,0,0,0,0,12
308.13,703.5,11.0,65.22,814.96,1267.67,2.1,5.5,0,0,0,0,12
309.13,701.5,10.92,65.32,815.0,1263.5,2.0,4.4,0,0,0,0,12
310.13,701.0,10.9,65.51,815.0,1267.07,2.4,6.6,0,0,0,0,12
311.13,701.0,10.94,65.72,815.0,1267.68,1.9,5.0,0,0,0,0,12
312.13,702.5,10.93,65.46,815.01,1263.5,1.9,5.0,0,0,0,0,12
313.13,702.0,10.91,65.34,815.04,1264.1,2.0,4.4,0,0,0,0,12
314.13,700.0,10.87,65.02,815.05,1264.1,1.8,4.4,0,0,0,0,12
315.13,700.0,10.84,65.09,815.06,1261.73,2.2,5.3,0,0,0,0,12
316.13,699.0,10.82,65.2,815.07,1269.47,1.8,4.2,0,0,0,0,12
317.13,701.5,10.83,65.47,815.08,1273.07,1.8,4.3,0,0,0,0,12
318.13,696.5,10.86,65.52,815.07,1273.07,1.9,4.2,0,0,0,0,12
319.13,696.0,10.87,65.49,815.08,1270.07,1.8,4.2,0,0,0,0,12
320.13,695.0,10.89,65.74,815.08,1274.88,1.7,5.1,0,0,0,0,12
321.13,692.5,10.92,65.63,815.07,1276.7,1.8,4.3,0,0,0,0,12
322.13,697.5,10.93,65.62,815.06,1273.68,2.3,4.7,0,0,0,0,12
323.13,698.0,10.93,65.34,815.06,1272.47,1.7,4.9,0,0,0,0,12
324.13,697.5,10.91,65.03,815.07,1267.67,1.8,4.2,0,0,0,0,12
325.13,698.0,10.88,64.77,815.07,1265.29,1.7,5.3,0,0,0,0,12
326.13,699.0,10.82,64.8,815.06,1270.67,1.6,3.6,0,0,0,0,12
327.13,700.0,10.77,65.11,815.06,1268.87,1.6,3.9,0,0,0,0,12
328.13,700.0,10.74,65.53,815.05,1268.87,1.6,4.4,0,0,0,0,12
329.13,699.5,10.71,65.29,815.05,1270.07,1.5,4.7,0,0,0,0,12
330.13,702.0,10.67,65.42,815.05,1274.3,1.6,4.2,0,0,0,0,12
331.13,705.0,10.67,65.84,815.06,1276.09,1.6,4.5,0,0,0,0,12
332.13,704.5,10.64,65.63,815.06,1276.09,2.4,6.2,0,0,0,0,12
333.13,704.5,10.63,65.85,815.07,1276.09,1.4,4.1,0,0,0,0,12
334.13,703.0,10.64,65.68,815.08,1275.49,1.5,4.4,0,0,0,0,12
335.13,701.0,10.68,65.86,815.08,1277.91,1.4,3.9,0,0,0,0,12
336.13,701.5,10.68,65.42,815.08,1270.67,1.5,4.6,0,0,0,0,12
337.13,702.5,10.64,65.25,815.09,1270.67,1.7,4.0,0,0,0,0,12
338.13,701.5,10.61,65.24,815.1,1271.27,1.4,3.5,0,0,0,0,12
339.13,698.0,10.56,65.27,815.1,1271.87,1.6,4.8,0,0,0,0,12
340.13,699.0,10.53,65.4,815.09,1270.07,1.7,4.6,0,0,0,0,12
341.13,699.5,10.5,65.56,815.09,1282.17,1.8,4.8,0,0,0,0,12
342.13,701.0,10.48,65.78,815.1,1277.91,1.8,4.7,0,0,0,0,12
343.13,700.5,10.46,65.55,815.1,1275.5,1.5,6.0,0,0,0,0,12
344.13,703.0,10.47,65.91,815.11,1273.68,1.6,5.7,0,0,0,0,12
345.13,705.0,10.46,65.72,815.11,1279.73,1.8,4.4,0,0,0,0,12
346.13,706.0,10.45,65.61,815.11,1282.78,1.7,4.3,0,0,0,0,12
347.13,705.5,10.4,65.8,815.11,1285.24,1.9,4.9,0,0,0,0,12
348.13,701.5,10.37,65.6,815.12,1289.55,1.7,4.5,0,0,0,0,12
349.13,702.0,10.32,65.48,815.12,1277.31,1.7,5.0,0,0,0,0,12
350.13,702.0,10.27,65.45,815.12,1273.07,1.8,5.4,0,0,0,0,12
351.13,702.0,10.23,65.42,815.13,1278.52,1.4,4.9,0,0,0,0,12
352.13,701.0,10.2,65.57,815.13,1284.62,1.3,4.8,0,0,0,0,12
353.13,700.0,10.17,65.92,815.13,1284.63,1.3,4.0,0,0,0,0,12
354.13,701.0,10.17,66.02,815.15,1283.4,1.6,4.1,0,0,0,0,12
355.13,700.0,10.2,66.61,815.16,1289.55,1.6,4.2,0,0,0,0,12
356.13,700.0,10.21,66.16,815.16,1289.55,1.5,3.6,0,0,0,0,12
357.13,700.0,10.16,65.93,815.16,1284.01,1.5,4.6,0,0,0,0,12
358.13,699.5,10.09,65.91,815.15,1290.17,1.6,4.0,0,0,0,0,12
359.13,698.0,10.03,65.95,815.16,1270.07,1.8,4.9,0,0,0,0,12
360.13,698.0,9.98,66.3,815.17,1277.3,1.6,4.6,0,0,0,0,12
361.13,702.0,9.99,66.69,815.18,1291.41,1.6,4.3,0,0,0,0,12
362.13,701.5,10.01,66.83,815.19,1297.03,1.5,4.8,0,0,0,0,12
363.13,703.0,10.01,66.46,815.19,1282.8,1.6,4.3,0,0,0,0,12
364.13,720.0,9.97,66.1,815.2,1282.18,2.0,5.9,0,0,0,0,12
Tijd,CO2,TempBME,RHBME,Press,Rvoc,PM2.5,PM10,TijdGPS,LengteGr,BreedteGr,Hoogte,Sensornummer
Tijd,CO2,TempBME,RHBME,Press,Rvoc,PM2.5,PM10,TijdGPS,LengteGr,BreedteGr,Hoogte,Sensornummer
Tijd,CO2,TempBME,RHBME,Press,Rvoc,PM2.5,PM10,TijdGPS,LengteGr,BreedteGr,Hoogte,Sensornummer
Tijd,CO2,TempBME,RHBME,Press,Rvoc,PM2.5,PM10,TijdGPS,LengteGr,BreedteGr,Hoogte,Sensornummer
Tijd,CO2,TempBME,RHBME,Press,Rvoc,PM2.5,PM10,TijdGPS,LengteGr,BreedteGr,Hoogte,Sensornummer

