Tijd,CO2,TempBME,RHBME,Press,Rvoc,PM2.5,PM10,TijdGPS,LengteGr,BreedteGr,Hoogte,Sensornummer
1.13,2000.5,25.07,51.08,953.01,33.95,0,0,2026-09-28T17:55,11° 50.71155' E,47° 20.55509' N,605.2,5
Tijd,CO2,TempBME,RHBME,Press,Rvoc,PM2.5,PM10,TijdGPS,LengteGr,BreedteGr,Hoogte,Sensornummer
Tijd,CO2,TempBME,RHBME,Press,Rvoc,PM2.5,PM10,TijdGPS,LengteGr,BreedteGr,Hoogte,Sensornummer
Tijd,CO2,TempBME,RHBME,Press,Rvoc,PM2.5,PM10,TijdGPS,LengteGr,BreedteGr,Hoogte,Sensornummer
Tijd,CO2,TempBME,RHBME,Press,Rvoc,PM2.5,PM10,TijdGPS,LengteGr,BreedteGr,Hoogte,Sensornummer
Tijd,CO2,TempBME,RHBME,Press,Rvoc,PM2.5,PM10,TijdGPS,LengteGr,BreedteGr,Hoogte,Sensornummer
1.12,781.5,20.8,46.2,892.78,17.86,4.7,16.75,2026-09-29T08:00,0,0,0,5
Tijd,CO2,TempBME,RHBME,Press,Rvoc,PM2.5,PM10,TijdGPS,LengteGr,BreedteGr,Hoogte,Sensornummer
1.12,553.5,17.04,45.48,893.0,52.9,3.0,17.8,2026-09-29T08:02,10° 58.07308' E,47° 3.90476' N,1183.2,5
2.12,715.5,15.03,48.43,893.05,77.06,6.35,34.75,2026-09-29T08:03,10° 58.0726' E,47° 3.90541' N,1184.2,5
3.12,762.5,13.84,50.23,893.08,98.03,6.65,33.9,2026-09-29T08:04,10° 58.07082' E,47° 3.90747' N,1185.75,5
4.12,776.0,12.35,55.64,893.13,112.47,7.0,38.8,2026-09-29T08:05,10° 58.07278' E,47° 3.90729' N,1186.45,5
5.12,774.5,11.29,59.54,893.17,123.71,6.4,37.0,2026-09-29T08:06,10° 58.07443' E,47° 3.90491' N,1180.55,5
6.12,766.0,10.92,59.82,893.18,134.11,5.75,30.1,2026-09-29T08:07,10° 58.07345' E,47° 3.90526' N,1176.05,5
7.12,755.0,10.73,60.43,893.17,143.41,5.55,26.0,2026-09-29T08:08,10° 58.07313' E,47° 3.90462' N,1178.7,5
8.12,750.0,10.65,60.9,893.17,150.9,5.2,23.4,2026-09-29T08:09,10° 58.07318' E,47° 3.90481' N,1178.35,5
9.12,746.5,10.51,61.87,893.17,156.69,5.65,26.1,2026-09-29T08:10,10° 58.0734' E,47° 3.90573' N,1175.2,5
10.12,748.0,10.14,63.36,893.17,159.52,6.0,33.05,2026-09-29T08:11,10° 58.07288' E,47° 3.90563' N,1172.8,5
11.12,749.0,9.94,64.14,893.17,163.5,5.7,31.8,2026-09-29T08:12,10° 58.07396' E,47° 3.90572' N,1174.8,5
12.12,749.0,10.08,62.86,893.16,169.79,5.3,22.5,2026-09-29T08:13,10° 58.07379' E,47° 3.90345' N,1178.9,5
13.12,747.5,9.83,64.73,893.17,171.62,5.4,21.6,2026-09-29T08:14,10° 58.0738' E,47° 3.905' N,1182.85,5
14.12,746.0,9.57,65.51,893.17,173.76,5.1,21.95,2026-09-29T08:15,10° 58.07274' E,47° 3.90505' N,1175.9,5
Tijd,CO2,TempBME,RHBME,Press,Rvoc,PM2.5,PM10,TijdGPS,LengteGr,BreedteGr,Hoogte,Sensornummer
1.13,521.5,20.28,42.81,817.64,54.03,29.85,47.3,2026-09-29T10:28,0,0,0,5
2.13,773.5,20.28,40.82,817.63,84.8,31.1,49.5,2026-09-29T10:29,0,0,0,5
3.13,818.0,20.63,37.83,817.63,111.42,1.6,3.6,2026-09-29T10:30,0,0,0,5
4.13,743.0,20.6,34.94,817.68,137.67,0.9,5.1,2026-09-29T10:31,0,0,0,5
5.13,702.5,20.15,34.87,817.82,155.28,0.9,5.05,2026-09-29T10:32,11° 1.56316' E,46° 52.14641' N,1917.75,5
6.13,689.0,19.88,35.9,817.88,167.34,0.85,7.25,2026-09-29T10:33,11° 1.55775' E,46° 52.11498' N,1914.4,5
7.13,694.0,20.7,36.04,817.34,171.36,3.55,13.6,2026-09-29T10:34,11° 1.57523' E,46° 52.07696' N,1927.3,5
8.13,966.5,22.45,34.56,816.33,174.12,3.4,13.1,2026-09-29T10:35,11° 1.54158' E,46° 52.05295' N,1934.45,5
9.13,1081.0,23.52,31.48,815.23,179.73,0.75,9.45,2026-09-29T10:36,11° 1.51934' E,46° 52.03591' N,1944.45,5
10.13,874.5,22.96,30.75,814.81,189.92,0.6,4.4,2026-09-29T10:37,11° 1.52133' E,46° 52.04208' N,1960.8,5
11.13,748.5,21.92,30.1,814.78,201.06,0.3,0.65,2026-09-29T10:38,11° 1.51156' E,46° 52.02724' N,1964.95,5
12.13,719.0,20.94,30.4,814.78,212.95,0.25,0.65,2026-09-29T10:39,11° 1.52216' E,46° 52.04605' N,1962.95,5
13.13,711.0,20.31,32.45,814.76,214.89,0.35,1.45,2026-09-29T10:40,11° 1.52588' E,46° 52.05455' N,1952.4,5
14.13,709.0,19.86,33.43,814.79,217.09,0.35,1.5,2026-09-29T10:41,11° 1.53661' E,46° 52.0738' N,1948.8,5
15.13,701.5,19.56,33.84,814.8,218.96,0.35,1.4,2026-09-29T10:42,11° 1.52681' E,46° 52.0497' N,1945.85,5
16.13,689.5,19.33,32.75,814.84,225.49,0.35,1.3,2026-09-29T10:43,11° 1.52496' E,46° 52.04627' N,1945.25,5
17.13,681.5,19.0,33.14,814.85,228.63,0.3,0.6,2026-09-29T10:44,11° 1.5231' E,46° 52.04299' N,1933.65,5
18.13,680.0,18.76,33.49,814.84,230.78,0.2,0.8,2026-09-29T10:45,11° 1.52619' E,46° 52.04936' N,1923.75,5
19.13,679.0,18.6,34.06,814.83,232.65,0.8,6.6,2026-09-29T10:46,11° 1.52124' E,46° 52.04252' N,1926.75,5
20.13,677.0,18.58,34.38,814.84,233.07,0.4,2.5,2026-09-29T10:47,11° 1.52107' E,46° 52.04809' N,1923.5,5
21.13,676.0,18.5,33.65,814.82,236.84,0.4,1.6,2026-09-29T10:48,11° 1.52078' E,46° 52.05226' N,1913.6,5
22.13,675.0,18.38,34.01,814.82,239.59,0.2,1.4,2026-09-29T10:49,11° 1.51548' E,46° 52.034' N,1922.1,5
23.13,676.0,18.31,34.04,814.8,239.86,0.2,0.6,2026-09-29T10:50,11° 1.51841' E,46° 52.04047' N,1929.75,5
24.13,672.0,18.22,34.07,814.8,241.61,0.3,1.0,2026-09-29T10:51,11° 1.51976' E,46° 52.04187' N,1930.8,5
25.13,671.5,18.16,34.21,814.8,244.21,0.4,1.2,2026-09-29T10:52,11° 1.52225' E,46° 52.04656' N,1931.15,5
26.13,673.5,18.14,34.81,814.79,242.33,0.3,0.8,2026-09-29T10:53,11° 1.52272' E,46° 52.04602' N,1940.35,5
27.13,673.0,18.15,34.16,814.79,244.39,0.3,0.6,2026-09-29T10:54,11° 1.52324' E,46° 52.04817' N,1933.0,5
28.13,673.0,18.14,33.99,814.77,246.77,0.4,0.6,2026-09-29T10:55,11° 1.52401' E,46° 52.05052' N,1931.95,5
29.13,673.0,18.05,33.94,814.78,247.52,0.3,1.2,2026-09-29T10:56,11° 1.51528' E,46° 52.03467' N,1929.75,5
30.13,677.5,18.04,34.85,814.78,245.03,0.3,0.8,2026-09-29T10:57,11° 1.52007' E,46° 52.04594' N,1920.0,5
31.13,677.5,18.04,34.61,814.78,246.5,0.5,1.1,2026-09-29T10:58,11° 1.51986' E,46° 52.0463' N,1920.15,5
32.13,675.0,18.06,34.73,814.76,246.04,0.3,0.7,2026-09-29T10:59,11° 1.5189' E,46° 52.04712' N,1911.15,5
33.13,673.5,18.07,34.59,814.77,247.05,0.3,0.8,2026-09-29T11:00,11° 1.51898' E,46° 52.04978' N,1914.6,5
34.13,673.0,18.04,34.91,814.76,245.03,0.4,0.8,2026-09-29T11:01,11° 1.52289' E,46° 52.0557' N,1907.75,5
35.13,673.5,18.02,35.14,814.76,244.85,0.5,0.8,2026-09-29T11:02,11° 1.51585' E,46° 52.04013' N,1918.0,5
36.13,675.0,18.05,35.38,814.76,242.77,0.5,2.0,2026-09-29T11:03,11° 1.51808' E,46° 52.04343' N,1920.75,5
37.13,738.0,18.13,36.22,814.61,240.01,0.5,1.2,2026-09-29T11:04,11° 1.51158' E,46° 52.03357' N,1921.0,5
38.13,2243.0,18.78,41.0,814.32,206.86,0.8,3.2,2026-09-29T11:05,0,0,0,5
39.13,2561.5,19.32,38.71,814.24,205.64,1.0,4.0,2026-09-29T11:06,0,0,0,5
Tijd,CO2,TempBME,RHBME,Press,Rvoc,PM2.5,PM10,TijdGPS,LengteGr,BreedteGr,Hoogte,Sensornummer
1.12,707.5,20.14,36.76,814.18,127.93,0.35,2.25,2026-09-29T11:14,0,0,0,5
2.12,857.5,20.22,36.15,814.17,158.2,0.6,2.8,2026-09-29T11:15,0,0,0,5
3.12,834.0,20.26,35.46,814.16,178.48,0.5,2.3,2026-09-29T11:17,0,0,0,5
4.12,797.5,20.33,35.89,814.14,187.23,0.5,2.45,2026-09-29T11:18,0,0,0,5
5.12,763.0,20.43,35.39,814.14,195.04,0.45,1.4,2026-09-29T11:19,0,0,0,5
6.12,749.5,20.53,35.35,814.15,199.47,0.4,1.6,2026-09-29T11:20,0,0,0,5
7.12,739.0,20.69,35.29,814.16,200.81,0.4,1.55,2026-09-29T11:21,0,0,0,5
8.12,739.0,20.83,35.06,814.14,204.99,0.65,2.6,2026-09-29T11:22,0,0,0,5
9.12,741.5,21.0,34.19,814.13,206.67,1.1,7.85,2026-09-29T11:23,0,0,0,5
10.12,753.5,21.01,33.66,814.12,211.99,1.0,6.8,2026-09-29T11:24,0,0,0,5
11.12,827.5,21.04,33.93,814.13,211.72,0.8,4.15,2026-09-29T11:25,0,0,0,5
12.12,912.0,21.19,34.75,814.12,208.17,0.85,5.85,2026-09-29T11:26,0,0,0,5
13.12,907.5,21.35,34.14,814.11,208.24,0.75,3.85,2026-09-29T11:27,0,0,0,5
14.12,866.5,21.42,34.4,814.11,207.06,0.65,2.8,2026-09-29T11:28,0,0,0,5
15.12,855.0,21.58,34.91,814.09,203.85,0.55,2.6,2026-09-29T11:29,0,0,0,5
16.12,873.5,21.75,34.83,814.09,202.1,0.9,5.1,2026-09-29T11:30,0,0,0,5
17.12,913.5,21.87,34.56,814.07,201.36,1.3,8.1,2026-09-29T11:31,0,0,0,5
18.12,931.0,21.99,34.73,814.05,200.26,0.9,6.0,2026-09-29T11:32,0,0,0,5
19.12,966.0,22.08,34.31,814.04,200.68,0.9,4.8,2026-09-29T11:33,0,0,0,5
20.12,1010.5,22.16,34.67,814.02,199.53,1.2,12.6,2026-09-29T11:34,0,0,0,5
21.12,1062.0,22.32,34.7,814.04,197.44,1.1,6.5,2026-09-29T11:35,0,0,0,5
22.12,1074.5,22.42,33.87,814.04,199.23,0.9,6.1,2026-09-29T11:36,0,0,0,5
23.12,1077.5,22.42,34.18,814.04,199.71,0.6,2.8,2026-09-29T11:37,0,0,0,5
24.12,1084.0,22.49,34.44,814.04,197.73,1.0,3.6,2026-09-29T11:38,0,0,0,5
25.12,1079.0,22.53,34.03,814.06,198.81,1.3,8.3,2026-09-29T11:39,0,0,0,5
26.12,1049.5,22.56,34.26,814.06,198.63,0.6,4.0,2026-09-29T11:40,0,0,0,5
27.12,1026.0,22.63,33.85,814.04,199.23,0.8,3.4,2026-09-29T11:41,0,0,0,5
28.12,1014.5,22.64,33.7,814.04,200.2,1.2,4.8,2026-09-29T11:42,0,0,0,5
29.12,1005.0,22.64,33.76,814.05,199.95,0.6,1.9,2026-09-29T11:43,0,0,0,5
30.12,1008.0,22.64,33.65,814.03,199.41,0.9,5.2,2026-09-29T11:44,0,0,0,5
31.12,1014.0,22.64,33.54,814.03,200.14,0.8,3.5,2026-09-29T11:45,0,0,0,5
32.12,1019.0,22.62,33.75,814.02,200.26,0.7,2.3,2026-09-29T11:46,0,0,0,5
33.12,1017.0,22.66,33.43,814.02,200.44,0.5,4.4,2026-09-29T11:47,0,0,0,5
34.12,1015.0,22.67,33.5,814.02,201.05,0.7,5.0,2026-09-29T11:48,0,0,0,5
35.12,1001.0,22.67,32.87,814.0,202.29,0.9,2.8,2026-09-29T11:49,0,0,0,5
36.12,978.5,22.61,33.11,814.0,204.17,0.5,2.4,2026-09-29T11:50,0,0,0,5
37.12,961.5,22.61,33.01,814.01,204.87,0.6,2.2,2026-09-29T11:51,0,0,0,5
38.12,951.5,22.61,32.93,814.01,205.06,0.6,2.5,2026-09-29T11:52,0,0,0,5
39.12,938.0,22.62,32.7,813.96,206.86,0.5,2.4,2026-09-29T11:53,0,0,0,5
40.12,927.0,22.59,32.5,813.95,207.58,0.6,1.7,2026-09-29T11:54,0,0,0,5
41.12,915.0,22.51,32.3,813.96,209.69,0.5,1.8,2026-09-29T11:55,0,0,0,5
42.12,896.5,22.45,32.19,813.95,211.1,0.6,1.6,2026-09-29T11:56,0,0,0,5
43.12,885.0,22.42,32.52,813.93,210.77,0.5,2.2,2026-09-29T11:57,0,0,0,5
44.12,875.0,22.44,32.03,813.93,211.92,0.4,1.1,2026-09-29T11:58,0,0,0,5
45.12,860.5,22.43,32.16,813.92,212.33,0.5,0.8,2026-09-29T11:59,0,0,0,5
46.12,847.5,22.47,32.21,813.93,211.65,0.5,1.6,2026-09-29T12:00,0,0,0,5
47.12,841.0,22.49,31.92,813.9,213.78,0.4,1.7,2026-09-29T12:01,0,0,0,5
48.12,838.0,22.5,31.81,813.9,213.85,0.6,2.0,2026-09-29T12:02,0,0,0,5
49.12,834.0,22.5,31.75,813.9,214.06,0.6,2.7,2026-09-29T12:03,0,0,0,5
50.12,830.0,22.46,31.53,813.9,215.45,0.4,1.0,2026-09-29T12:04,0,0,0,5
51.12,827.5,22.41,31.39,813.9,217.3,0.4,1.6,2026-09-29T12:04,0,0,0,5
52.12,820.0,22.39,31.62,813.89,217.3,0.4,1.5,2026-09-29T12:05,0,0,0,5
53.12,814.0,22.41,31.31,813.89,218.17,0.4,1.3,2026-09-29T12:06,0,0,0,5
54.12,811.0,22.42,31.35,813.87,218.24,0.5,2.3,2026-09-29T12:08,0,0,0,5
55.12,808.0,22.47,31.53,813.87,217.16,0.5,1.4,2026-09-29T12:08,0,0,0,5
56.12,803.0,22.5,31.28,813.84,218.6,0.4,0.6,2026-09-29T12:09,0,0,0,5
57.12,795.5,22.5,31.13,813.85,218.31,0.6,1.6,2026-09-29T12:10,0,0,0,5
58.12,795.5,22.49,31.16,813.84,219.18,0.7,2.0,2026-09-29T12:12,0,0,0,5
59.12,795.5,22.53,31.26,813.84,218.31,0.4,0.7,2026-09-29T12:13,0,0,0,5
60.12,792.0,22.51,30.9,813.85,219.04,0.8,1.8,2026-09-29T12:14,0,0,0,5
61.12,789.0,22.52,31.03,813.83,219.41,0.4,0.7,2026-09-29T12:15,0,0,0,5
62.12,787.0,22.54,30.96,813.82,219.4,0.3,0.9,2026-09-29T12:16,0,0,0,5
63.12,787.0,22.53,30.86,813.81,219.62,0.4,0.6,2026-09-29T12:17,0,0,0,5
64.12,788.5,22.51,30.74,813.79,220.5,0.6,1.8,2026-09-29T12:18,0,0,0,5
65.12,785.5,22.52,30.83,813.8,219.77,0.6,1.0,2026-09-29T12:19,0,0,0,5
66.12,781.0,22.52,30.64,813.8,220.8,0.4,0.7,2026-09-29T12:20,0,0,0,5
67.12,779.5,22.53,30.68,813.8,220.87,0.5,0.6,2026-09-29T12:21,0,0,0,5
68.12,775.0,22.53,30.61,813.78,221.54,0.4,0.8,2026-09-29T12:22,0,0,0,5
69.12,775.0,22.55,30.68,813.78,221.02,0.4,0.6,2026-09-29T12:23,0,0,0,5
70.12,773.0,22.59,30.61,813.78,220.87,0.5,1.3,2026-09-29T12:24,0,0,0,5
71.12,775.0,22.61,30.58,813.77,220.73,0.5,0.7,2026-09-29T12:25,0,0,0,5
72.12,774.0,22.63,30.6,813.76,221.1,0.4,0.9,2026-09-29T12:26,0,0,0,5
73.12,775.0,22.63,30.43,813.76,221.69,0.4,0.7,2026-09-29T12:27,0,0,0,5
74.12,772.0,22.63,30.49,813.77,220.73,0.5,1.3,2026-09-29T12:28,0,0,0,5
75.12,772.0,22.64,30.34,813.78,222.0,0.5,1.0,2026-09-29T12:29,0,0,0,5
76.12,767.5,22.64,30.44,813.78,221.32,0.4,0.5,2026-09-29T12:30,0,0,0,5
77.12,767.5,22.63,30.24,813.79,222.36,0.5,1.0,2026-09-29T12:31,0,0,0,5
78.12,766.0,22.62,30.27,813.8,221.77,0.5,0.9,2026-09-29T12:32,0,0,0,5
79.12,765.0,22.63,30.2,813.8,222.29,0.4,0.7,2026-09-29T12:33,0,0,0,5
80.12,767.5,22.64,30.18,813.8,221.77,0.5,1.2,2026-09-29T12:34,0,0,0,5
81.12,764.5,22.65,30.24,813.79,221.77,0.5,0.6,2026-09-29T12:35,0,0,0,5
82.12,764.0,22.64,30.15,813.8,222.07,0.5,1.2,2026-09-29T12:36,0,0,0,5
83.12,766.5,22.64,30.15,813.81,222.06,0.5,0.9,2026-09-29T12:37,0,0,0,5
84.12,766.0,22.64,30.16,813.81,223.42,0.4,1.8,2026-09-29T12:38,0,0,0,5
85.12,768.5,22.66,30.11,813.82,222.52,0.6,0.7,2026-09-29T12:39,0,0,0,5
86.12,766.0,22.67,30.01,813.82,222.59,0.6,1.2,2026-09-29T12:40,0,0,0,5
87.12,764.5,22.69,30.03,813.81,222.29,0.5,1.2,2026-09-29T12:41,0,0,0,5
88.12,763.0,22.7,29.83,813.81,223.27,0.5,0.6,2026-09-29T12:42,0,0,0,5
89.12,761.0,22.69,29.81,813.81,223.81,0.5,0.7,2026-09-29T12:43,0,0,0,5
90.12,761.0,22.67,29.85,813.81,223.27,0.6,1.2,2026-09-29T12:44,0,0,0,5
91.12,761.0,22.67,29.89,813.81,223.42,0.4,1.1,2026-09-29T12:45,0,0,0,5
92.12,760.5,22.66,29.78,813.81,224.1,0.5,0.7,2026-09-29T12:46,0,0,0,5
93.12,757.0,22.66,29.69,813.8,224.41,0.5,0.8,2026-09-29T12:47,0,0,0,5
94.12,757.5,22.64,29.81,813.8,224.49,0.3,0.9,2026-09-29T12:48,0,0,0,5
95.12,758.5,22.65,29.78,813.8,224.41,0.4,0.7,2026-09-29T12:49,0,0,0,5
96.12,759.5,22.67,29.72,813.8,224.72,0.4,0.7,2026-09-29T12:50,0,0,0,5
97.12,756.0,22.69,29.67,813.79,224.64,0.5,0.7,2026-09-29T12:51,0,0,0,5
98.12,757.0,22.7,29.67,813.79,223.35,0.5,1.0,2026-09-29T12:52,0,0,0,5
99.12,757.0,22.71,29.57,813.79,224.49,0.4,0.9,2026-09-29T12:53,0,0,0,5
100.12,756.5,22.7,29.6,813.79,224.33,0.5,0.9,2026-09-29T12:54,0,0,0,5
101.12,756.5,22.7,29.6,813.79,224.72,0.5,1.0,2026-09-29T12:55,0,0,0,5
102.12,755.0,22.72,29.6,813.81,224.41,0.6,1.0,2026-09-29T12:56,0,0,0,5
103.12,754.0,22.73,29.64,813.82,223.27,0.7,1.8,2026-09-29T12:57,0,0,0,5
104.12,751.0,22.73,29.58,813.83,224.64,0.5,2.1,2026-09-29T12:58,0,0,0,5
105.12,749.0,22.78,29.68,813.83,224.11,0.6,1.1,2026-09-29T12:59,0,0,0,5
106.12,749.0,22.83,29.51,813.83,223.19,0.5,0.6,2026-09-29T13:00,0,0,0,5
107.12,752.0,22.82,29.61,813.82,223.8,0.6,1.1,2026-09-29T13:01,0,0,0,5
108.12,748.0,22.92,29.66,813.8,222.74,0.6,1.5,2026-09-29T13:02,0,0,0,5
109.12,747.0,22.98,29.6,813.81,221.54,0.4,0.5,2026-09-29T13:03,0,0,0,5
110.12,748.0,22.99,29.52,813.81,221.54,0.5,1.6,2026-09-29T13:04,0,0,0,5
111.12,747.5,23.03,29.44,813.81,219.99,0.5,2.1,2026-09-29T13:05,0,0,0,5
112.12,751.0,23.02,29.42,813.82,222.29,0.6,0.8,2026-09-29T13:06,0,0,0,5
113.12,756.5,23.0,29.52,813.82,221.02,0.6,1.3,2026-09-29T13:07,0,0,0,5
114.12,772.5,23.03,29.7,813.83,220.14,0.6,2.6,2026-09-29T13:08,0,0,0,5
115.12,787.0,23.11,29.71,813.83,219.7,0.7,3.4,2026-09-29T13:09,0,0,0,5
116.12,797.5,23.14,29.69,813.84,218.46,0.9,5.3,2026-09-29T13:10,0,0,0,5
Tijd,CO2,TempBME,RHBME,Press,Rvoc,PM2.5,PM10,TijdGPS,LengteGr,BreedteGr,Hoogte,Sensornummer
Tijd,CO2,TempBME,RHBME,Press,Rvoc,PM2.5,PM10,TijdGPS,LengteGr,BreedteGr,Hoogte,Sensornummer
Tijd,CO2,TempBME,RHBME,Press,Rvoc,PM2.5,PM10,TijdGPS,LengteGr,BreedteGr,Hoogte,Sensornummer
Tijd,CO2,TempBME,RHBME,Press,Rvoc,PM2.5,PM10,TijdGPS,LengteGr,BreedteGr,Hoogte,Sensornummer
1.13,325.5,22.68,27.62,814.15,105.44,4.4,11.2,26;9;29;13;25;59,11° 1.4741' E,46° 52.01813' N,1968.7,5
2.13,610.0,22.82,28.09,814.14,142.09,0.6,1.1,26;9;29;13;26;50,11° 1.47268' E,46° 52.01576' N,1956.1,5
3.13,681.0,23.52,26.72,814.15,172.36,0.6,3.7,26;9;29;13;27;59,11° 1.4719' E,46° 52.01633' N,1944.7,5
4.13,689.0,23.38,27.18,814.14,191.36,1.0,4.0,26;9;29;13;28;59,11° 1.47179' E,46° 52.01621' N,1947.25,5
5.13,682.5,23.17,28.6,814.15,201.37,0.6,1.0,26;9;29;13;29;59,11° 1.47243' E,46° 52.01447' N,1948.65,5
6.13,680.5,22.91,28.33,814.18,210.78,0.7,1.5,26;9;29;13;30;59,11° 1.4711' E,46° 52.01391' N,1947.85,5
7.13,670.0,22.67,27.02,814.19,225.02,0.7,1.4,26;9;29;13;31;50,11° 1.47082' E,46° 52.01347' N,1950.65,5
8.13,684.0,22.31,27.17,814.2,233.15,0.6,1.3,26;9;29;13;32;59,11° 1.47065' E,46° 52.01227' N,1948.8,5
9.13,680.5,22.12,27.51,814.21,238.04,0.6,0.8,26;9;29;13;33;50,11° 1.47407' E,46° 52.0161' N,1946.15,5
10.13,673.0,21.95,27.53,814.22,242.15,0.7,1.4,26;9;29;13;34;50,11° 1.47335' E,46° 52.01619' N,1944.55,5
11.13,677.0,21.88,28.0,814.23,244.3,0.6,0.8,26;9;29;13;35;50,11° 1.47382' E,46° 52.01483' N,1942.1,5
12.13,662.5,21.68,28.34,814.25,246.59,0.8,2.0,26;9;29;13;36;59,11° 1.47193' E,46° 52.01564' N,1943.9,5
13.13,659.0,21.56,28.09,814.26,250.43,0.6,1.2,26;9;29;13;37;59,11° 1.47259' E,46° 52.01656' N,1942.0,5
14.13,658.0,21.53,28.18,814.25,251.2,0.6,1.3,26;9;29;13;38;59,11° 1.47349' E,46° 52.01539' N,1946.7,5
15.13,664.0,21.57,28.73,814.23,249.2,0.7,1.4,26;9;29;13;39;59,11° 1.47287' E,46° 52.01545' N,1945.1,5
16.13,658.0,21.57,28.45,814.22,252.16,0.9,1.8,26;9;29;13;40;59,11° 1.47358' E,46° 52.0156' N,1943.95,5
17.13,664.0,21.56,29.09,814.23,249.86,0.8,1.6,26;9;29;13;41;59,11° 1.47316' E,46° 52.0157' N,1942.15,5
18.13,660.5,21.57,29.04,814.24,249.96,0.7,1.5,26;9;29;13;42;59,11° 1.47356' E,46° 52.01666' N,1939.75,5
19.13,666.0,21.48,29.11,814.26,251.87,0.6,0.9,26;9;29;13;43;59,11° 1.47415' E,46° 52.01429' N,1943.65,5
20.13,678.5,21.39,29.12,814.27,254.4,0.7,1.0,26;9;29;13;44;59,11° 1.47173' E,46° 52.0149' N,1941.2,5
21.13,692.5,21.25,29.38,814.26,255.78,0.8,1.5,26;9;29;13;45;59,11° 1.47311' E,46° 52.0166' N,1941.5,5
22.13,677.5,21.19,29.67,814.26,254.69,0.9,1.9,26;9;29;13;46;59,11° 1.47246' E,46° 52.01564' N,1941.85,5
23.13,672.0,21.27,30.2,814.27,246.69,0.9,1.3,26;9;29;13;47;59,11° 1.47205' E,46° 52.01348' N,1937.75,5
24.13,680.5,21.39,29.99,814.25,247.33,0.9,1.3,26;9;29;13;48;59,11° 1.47151' E,46° 52.01698' N,1937.45,5
25.13,667.0,21.4,30.32,814.26,246.22,0.8,1.1,26;9;29;13;49;59,11° 1.47351' E,46° 52.01752' N,1945.1,5
26.13,650.5,21.38,30.37,814.26,247.61,0.9,2.0,26;9;29;13;50;59,11° 1.47164' E,46° 52.01783' N,1945.6,5
27.13,655.0,21.3,30.3,814.26,248.26,1.0,1.7,26;9;29;13;51;59,11° 1.47216' E,46° 52.01598' N,1943.35,5
28.13,677.5,21.32,30.79,814.26,245.67,1.1,1.8,26;9;29;13;52;50,11° 1.47287' E,46° 52.0145' N,1943.65,5
29.13,674.5,21.36,30.36,814.25,245.12,1.0,1.6,26;9;29;13;53;50,11° 1.47422' E,46° 52.01475' N,1940.65,5
30.13,674.5,21.37,30.94,814.25,243.31,1.1,2.2,26;9;29;13;54;50,11° 1.47114' E,46° 52.01645' N,1943.35,5
31.13,672.5,21.3,31.33,814.24,242.5,1.0,2.2,26;9;29;13;55;50,11° 1.4731' E,46° 52.01439' N,1941.75,5
32.13,672.0,21.22,31.24,814.24,243.31,0.9,1.4,26;9;29;13;56;50,11° 1.47318' E,46° 52.01652' N,1945.35,5
33.13,672.0,21.16,31.75,814.25,241.17,1.1,2.5,26;9;29;13;57;50,11° 1.47233' E,46° 52.01621' N,1942.7,5
34.13,665.0,21.09,31.49,814.26,242.06,1.1,1.8,26;9;29;13;58;50,11° 1.47436' E,46° 52.01464' N,1943.4,5
35.13,675.5,21.1,32.31,814.27,239.42,1.0,2.3,26;9;29;13;59;50,11° 1.47308' E,46° 52.01518' N,1946.3,5
36.13,682.5,20.9,32.35,814.27,241.26,1.05,2.35,26;9;29;14;0;50,11° 1.47296' E,46° 52.01577' N,1944.95,5
37.13,676.5,20.56,32.81,814.28,243.22,1.2,2.4,26;9;29;14;1;59,11° 1.47422' E,46° 52.01576' N,1943.2,5
38.13,674.0,20.19,33.43,814.29,242.15,1.4,2.45,26;9;29;14;2;50,11° 1.47316' E,46° 52.01463' N,1944.65,5
39.13,667.5,20.19,33.44,814.3,241.26,1.6,2.5,26;9;29;14;3;50,11° 1.47229' E,46° 52.01701' N,1944.25,5
40.13,670.0,20.22,33.51,814.29,239.94,1.55,3.2,26;9;29;14;4;59,11° 1.47152' E,46° 52.01609' N,1943.15,5
41.13,667.5,20.32,33.49,814.29,236.5,1.3,3.1,26;9;29;14;5;50,11° 1.47314' E,46° 52.01601' N,1944.35,5
42.13,675.5,20.35,33.13,814.29,239.16,1.25,2.4,26;9;29;14;6;59,11° 1.47236' E,46° 52.01465' N,1944.7,5
43.13,676.5,20.36,33.24,814.28,238.04,1.3,3.2,26;9;29;14;7;59,11° 1.47309' E,46° 52.01438' N,1947.15,5
44.13,668.5,20.44,32.86,814.29,238.55,1.3,3.1,26;9;29;14;8;59,11° 1.47496' E,46° 52.01687' N,1950.15,5
45.13,673.5,20.54,33.46,814.3,234.39,1.35,2.7,26;9;29;14;9;59,11° 1.47435' E,46° 52.01688' N,1948.4,5
46.13,677.0,20.5,33.58,814.3,235.9,1.85,7.85,26;9;29;14;10;50,11° 1.47264' E,46° 52.01535' N,1946.05,5
47.13,662.5,20.44,34.08,814.3,232.9,2.0,9.1,26;9;29;14;11;50,11° 1.47216' E,46° 52.0133' N,1941.2,5
48.13,674.5,20.44,33.59,814.31,234.57,1.45,3.7,26;9;29;14;12;50,11° 1.47387' E,46° 52.01445' N,1945.9,5
49.13,668.0,20.2,32.79,814.32,241.7,1.2,2.05,26;9;29;14;13;59,11° 1.47295' E,46° 52.01355' N,1943.4,5
50.13,670.0,20.16,32.92,814.32,237.18,1.1,2.2,26;9;29;14;14;59,11° 1.47393' E,46° 52.01543' N,1945.7,5
51.13,670.0,20.3,33.74,814.31,233.64,1.1,2.0,26;9;29;14;15;59,11° 1.47181' E,46° 52.01445' N,1941.35,5
52.13,665.5,20.36,33.34,814.32,234.89,1.25,1.95,26;9;29;14;16;59,11° 1.47418' E,46° 52.01498' N,1944.35,5
53.13,669.5,20.45,33.73,814.31,231.84,1.35,2.15,26;9;29;14;17;59,11° 1.47559' E,46° 52.01399' N,1949.7,5
54.13,683.5,20.45,33.69,814.32,234.39,1.45,2.3,26;9;29;14;18;50,11° 1.47467' E,46° 52.01448' N,1946.25,5
55.13,683.5,20.42,33.29,814.33,235.48,1.35,2.2,26;9;29;14;19;50,11° 1.47536' E,46° 52.01554' N,1944.4,5
56.13,679.5,20.38,33.1,814.33,237.61,1.35,2.0,26;9;29;14;20;59,11° 1.47418' E,46° 52.01415' N,1947.0,5
57.13,688.5,20.37,33.36,814.33,235.74,1.4,1.9,26;9;29;14;21;59,11° 1.4751' E,46° 52.01564' N,1946.3,5
58.13,700.5,20.43,33.83,814.32,230.78,1.3,1.9,26;9;29;14;22;59,11° 1.47467' E,46° 52.01529' N,1948.6,5
59.13,683.5,20.59,34.18,814.34,226.26,1.3,2.3,26;9;29;14;23;50,11° 1.47449' E,46° 52.01479' N,1946.05,5
60.13,707.0,20.67,33.89,814.36,227.36,1.2,2.8,26;9;29;14;24;50,11° 1.47465' E,46° 52.01671' N,1950.8,5
61.13,713.0,20.69,33.93,814.36,228.94,1.3,1.9,26;9;29;14;25;50,11° 1.47619' E,46° 52.01778' N,1956.5,5
62.13,699.5,20.61,33.94,814.36,230.38,1.5,2.2,26;9;29;14;26;59,11° 1.47444' E,46° 52.01673' N,1953.85,5
63.13,673.5,20.46,34.29,814.38,229.49,1.3,2.0,26;9;29;14;27;59,11° 1.47418' E,46° 52.01502' N,1949.15,5
64.13,680.0,20.49,34.47,814.38,226.88,1.4,3.3,26;9;29;14;28;59,11° 1.47326' E,46° 52.01615' N,1949.1,5
65.13,679.5,20.5,34.4,814.39,226.57,1.6,3.1,26;9;29;14;29;59,11° 1.47339' E,46° 52.01454' N,1949.3,5
66.13,670.5,20.41,34.49,814.4,229.09,1.5,3.0,26;9;29;14;30;59,11° 1.47381' E,46° 52.01499' N,1953.0,5
67.13,674.0,20.31,35.08,814.41,226.34,1.5,2.7,26;9;29;14;31;59,11° 1.47454' E,46° 52.01432' N,1955.2,5
68.13,677.0,20.22,34.96,814.4,227.9,1.3,2.1,26;9;29;14;32;59,11° 1.47354' E,46° 52.0148' N,1953.55,5
69.13,681.5,20.05,35.57,814.41,227.67,1.9,5.3,26;9;29;14;33;59,11° 1.47469' E,46° 52.01352' N,1950.65,5
70.13,663.0,19.95,35.59,814.41,227.28,1.9,8.2,26;9;29;14;34;59,11° 1.47372' E,46° 52.0138' N,1948.4,5
71.13,683.0,19.75,36.46,814.41,225.1,1.8,5.9,26;9;29;14;35;59,11° 1.47506' E,46° 52.01462' N,1950.75,5
72.13,656.0,19.57,35.9,814.43,227.67,1.6,3.0,26;9;29;14;36;59,11° 1.47433' E,46° 52.01549' N,1946.95,5
73.13,656.0,19.48,36.48,814.43,227.36,1.7,2.3,26;9;29;14;37;59,11° 1.47571' E,46° 52.01477' N,1950.0,5
74.13,660.5,19.48,36.32,814.42,225.87,1.8,2.1,26;9;29;14;38;59,11° 1.47411' E,46° 52.01595' N,1949.65,5
75.13,676.0,19.36,36.24,814.43,228.78,1.7,2.1,26;9;29;14;39;59,11° 1.4744' E,46° 52.0155' N,1948.8,5
76.13,686.0,19.3,36.39,814.44,227.67,1.7,3.0,26;9;29;14;40;59,11° 1.47371' E,46° 52.01589' N,1948.75,5
77.13,680.0,19.23,37.46,814.45,223.65,1.6,2.8,26;9;29;14;41;59,11° 1.47407' E,46° 52.01599' N,1948.5,5
78.13,688.0,19.21,36.81,814.46,223.73,1.6,2.9,26;9;29;14;42;59,11° 1.47346' E,46° 52.01445' N,1946.7,5
79.13,685.5,19.08,37.18,814.5,225.26,1.6,2.4,26;9;29;14;43;59,11° 1.47324' E,46° 52.01597' N,1946.3,5
80.13,674.0,19.05,37.49,814.5,221.99,2.0,3.1,26;9;29;14;44;59,11° 1.47401' E,46° 52.01608' N,1945.3,5
81.13,682.0,19.14,37.37,814.49,219.62,1.8,3.1,26;9;29;14;45;59,11° 1.47416' E,46° 52.01588' N,1944.2,5
82.13,676.5,19.17,37.51,814.5,219.33,2.0,2.5,26;9;29;14;46;59,11° 1.47405' E,46° 52.0154' N,1949.8,5
83.13,668.5,19.05,37.44,814.51,221.1,1.9,2.4,26;9;29;14;47;59,11° 1.47358' E,46° 52.01587' N,1947.35,5
84.13,667.0,19.1,36.9,814.5,220.43,2.0,5.5,26;9;29;14;48;59,11° 1.47368' E,46° 52.01553' N,1943.45,5
85.13,671.5,19.13,37.05,814.51,221.1,1.4,3.5,26;9;29;14;49;59,11° 1.47383' E,46° 52.0163' N,1947.7,5
86.13,704.0,19.09,37.08,814.52,221.1,1.5,2.3,26;9;29;14;50;59,11° 1.47425' E,46° 52.0158' N,1946.35,5
87.13,691.0,18.89,37.97,814.52,221.84,1.7,3.7,26;9;29;14;51;59,11° 1.47464' E,46° 52.01579' N,1945.85,5
88.13,664.0,18.77,38.37,814.53,222.74,1.9,2.9,26;9;29;14;52;59,11° 1.47399' E,46° 52.01464' N,1944.4,5
89.13,661.5,18.81,38.21,814.53,220.28,1.7,4.4,26;9;29;14;53;59,11° 1.4745' E,46° 52.01607' N,1945.6,5
90.13,678.5,18.79,38.33,814.53,220.58,1.8,4.6,26;9;29;14;54;59,11° 1.4736' E,46° 52.01623' N,1945.8,5
91.13,669.0,18.72,38.54,814.53,220.14,1.6,3.9,26;9;29;14;55;59,11° 1.47377' E,46° 52.01662' N,1949.65,5
92.13,665.5,18.73,38.48,814.54,219.84,1.9,6.1,26;9;29;14;56;59,11° 1.47493' E,46° 52.01748' N,1948.15,5
93.13,663.5,18.67,38.03,814.54,221.24,1.8,3.0,26;9;29;14;57;59,11° 1.47373' E,46° 52.0164' N,1948.85,5
94.13,662.5,18.66,39.02,814.56,216.31,1.9,4.9,26;9;29;14;58;59,11° 1.47347' E,46° 52.01661' N,1949.1,5
95.13,664.0,18.68,38.08,814.57,218.82,1.9,4.5,26;9;29;14;59;59,11° 1.47382' E,46° 52.01689' N,1946.95,5
96.13,669.5,18.56,38.01,814.56,223.04,1.7,2.9,26;9;29;15;0;59,11° 1.47429' E,46° 52.01851' N,1947.6,5
97.13,668.5,18.44,38.14,814.57,224.49,1.6,2.5,26;9;29;15;1;59,11° 1.47344' E,46° 52.0176' N,1947.35,5
98.13,661.0,18.4,38.79,814.56,221.92,1.8,3.3,26;9;29;15;2;59,11° 1.47227' E,46° 52.01705' N,1954.2,5
99.13,662.0,18.54,38.62,814.57,215.11,1.7,2.5,26;9;29;15;3;59,11° 1.4734' E,46° 52.01756' N,1956.7,5
100.13,661.5,18.65,38.93,814.58,212.4,1.7,3.5,26;9;29;15;4;59,11° 1.47099' E,46° 52.01847' N,1951.3,5
101.13,664.5,18.82,38.71,814.59,206.74,2.0,7.7,26;9;29;15;5;59,11° 1.47234' E,46° 52.01665' N,1952.45,5
102.13,663.0,18.81,38.39,814.59,212.67,1.8,3.7,26;9;29;15;6;59,11° 1.47085' E,46° 52.01858' N,1952.55,5
103.13,664.5,18.71,38.48,814.59,215.31,1.8,4.8,26;9;29;15;7;59,11° 1.47391' E,46° 52.01765' N,1954.15,5
104.13,667.0,18.74,38.42,814.6,209.49,1.8,4.8,26;9;29;15;8;59,11° 1.47235' E,46° 52.01847' N,1955.65,5
105.13,675.5,18.74,38.08,814.6,209.29,1.6,2.9,26;9;29;15;9;59,11° 1.47277' E,46° 52.01919' N,1954.65,5
106.13,697.0,18.66,38.22,814.61,213.85,1.4,2.7,26;9;29;15;10;59,11° 1.47494' E,46° 52.01725' N,1956.7,5
107.13,688.5,18.58,38.37,814.62,214.82,1.8,2.8,26;9;29;15;11;59,11° 1.47454' E,46° 52.01757' N,1954.2,5
108.13,680.0,18.55,38.02,814.61,214.47,1.9,3.6,26;9;29;15;12;59,11° 1.477' E,46° 52.01679' N,1958.05,5
109.13,676.0,18.44,38.99,814.62,217.23,1.7,2.4,26;9;29;15;13;59,11° 1.47551' E,46° 52.0167' N,1957.6,5
110.13,667.0,18.18,39.93,814.63,216.16,1.8,2.3,26;9;29;15;14;59,11° 1.47502' E,46° 52.01628' N,1956.8,5
111.13,666.5,18.03,39.99,814.65,217.23,1.6,2.1,26;9;29;15;15;59,11° 1.4763' E,46° 52.01514' N,1956.85,5
112.13,666.5,17.89,40.15,814.66,217.45,1.8,2.5,26;9;29;15;16;59,11° 1.47403' E,46° 52.01589' N,1954.8,5
113.13,665.0,17.77,40.46,814.67,216.23,1.7,2.2,26;9;29;15;17;59,11° 1.47482' E,46° 52.01622' N,1954.7,5
114.13,663.0,17.62,40.82,814.68,215.03,1.7,3.4,26;9;29;15;18;59,11° 1.47575' E,46° 52.01554' N,1950.3,5
115.13,664.0,17.53,40.95,814.68,213.85,1.9,3.4,26;9;29;15;19;50,11° 1.47498' E,46° 52.01643' N,1952.35,5
116.13,662.5,17.36,41.78,814.69,211.85,1.8,2.9,26;9;29;15;20;50,11° 1.47488' E,46° 52.01591' N,1951.0,5
117.13,660.0,17.23,41.55,814.71,212.67,1.8,3.1,26;9;29;15;21;50,11° 1.47533' E,46° 52.01637' N,1949.25,5
118.13,661.0,17.1,42.11,814.72,213.16,1.7,3.9,26;9;29;15;22;50,11° 1.47445' E,46° 52.01646' N,1948.65,5
119.13,667.0,16.84,42.63,814.74,212.34,2.9,13.8,26;9;29;15;23;59,11° 1.47534' E,46° 52.01652' N,1947.5,5
120.13,663.0,16.75,42.72,814.76,213.15,1.8,5.3,26;9;29;15;24;59,11° 1.4755' E,46° 52.01627' N,1947.55,5
121.13,663.5,16.63,43.71,814.77,208.24,1.9,7.5,26;9;29;15;25;50,11° 1.47566' E,46° 52.0168' N,1947.55,5
122.13,662.0,16.5,43.94,814.78,206.67,1.7,4.5,26;9;29;15;26;59,11° 1.47408' E,46° 52.01536' N,1946.35,5
123.13,664.5,16.31,44.07,814.79,206.73,1.9,6.9,26;9;29;15;27;50,11° 1.47426' E,46° 52.016' N,1945.25,5
124.13,664.0,16.24,43.95,814.79,208.3,1.8,3.4,26;9;29;15;28;59,11° 1.47463' E,46° 52.01622' N,1946.65,5
125.13,661.0,16.16,44.05,814.8,208.43,2.0,5.6,26;9;29;15;29;59,11° 1.47604' E,46° 52.01623' N,1944.95,5
126.13,658.5,16.13,43.9,814.8,206.28,1.9,4.2,26;9;29;15;30;59,11° 1.4749' E,46° 52.01555' N,1951.2,5
127.13,658.5,16.1,44.71,814.82,203.66,1.9,4.2,26;9;29;15;31;59,11° 1.47554' E,46° 52.01591' N,1948.1,5
128.13,658.0,16.09,43.81,814.81,204.42,1.7,4.0,26;9;29;15;32;59,11° 1.47353' E,46° 52.01727' N,1941.8,5
129.13,656.5,16.09,44.04,814.82,204.49,1.9,3.6,26;9;29;15;33;59,11° 1.47486' E,46° 52.01557' N,1947.65,5
130.13,655.0,16.01,44.38,814.82,205.64,2.0,4.3,26;9;29;15;34;59,11° 1.47423' E,46° 52.0173' N,1948.95,5
131.13,655.0,15.97,44.67,814.83,205.96,2.1,6.0,26;9;29;15;35;50,11° 1.47396' E,46° 52.01737' N,1947.75,5
132.13,655.0,15.84,45.51,814.83,204.3,2.2,5.9,26;9;29;15;36;50,11° 1.47264' E,46° 52.01767' N,1944.55,5
133.13,653.5,15.78,45.61,814.84,202.66,2.1,7.5,26;9;29;15;37;59,11° 1.47426' E,46° 52.01739' N,1941.05,5
134.13,659.5,15.78,44.82,814.85,200.75,2.1,3.7,26;9;29;15;38;50,11° 1.47369' E,46° 52.01708' N,1945.5,5
135.13,661.5,15.77,45.66,814.86,199.53,1.8,3.8,26;9;29;15;39;50,11° 1.47367' E,46° 52.01684' N,1947.4,5
136.13,677.0,15.65,46.19,814.88,199.53,2.4,7.3,26;9;29;15;40;50,11° 1.47424' E,46° 52.01682' N,1944.2,5
137.13,670.0,15.52,46.35,814.9,200.75,2.3,12.8,26;9;29;15;41;50,11° 1.47424' E,46° 52.01736' N,1948.8,5
138.13,657.5,15.46,46.42,814.91,201.18,2.5,7.4,26;9;29;15;42;59,11° 1.47272' E,46° 52.01884' N,1944.25,5
139.13,656.5,15.38,46.71,814.91,201.24,2.4,5.4,26;9;29;15;43;50,11° 1.47283' E,46° 52.01763' N,1947.4,5
140.13,658.0,15.32,47.01,814.92,199.41,2.1,6.7,26;9;29;15;44;50,11° 1.47347' E,46° 52.01683' N,1947.4,5
141.13,656.5,15.28,46.95,814.92,199.53,2.5,10.5,26;9;29;15;45;50,11° 1.47439' E,46° 52.0156' N,1948.0,5
142.13,656.5,15.23,47.25,814.94,198.51,2.3,9.4,26;9;29;15;46;50,11° 1.47392' E,46° 52.01486' N,1946.7,5
143.13,657.5,15.18,47.38,814.95,197.61,2.0,11.0,26;9;29;15;47;50,11° 1.47505' E,46° 52.01384' N,1947.85,5
144.13,659.0,15.15,47.29,814.96,196.91,2.1,5.5,26;9;29;15;48;50,11° 1.47443' E,46° 52.01669' N,1946.65,5
145.13,660.0,14.98,47.4,814.99,194.58,2.6,5.6,26;9;29;15;49;59,11° 1.47474' E,46° 52.01619' N,1943.55,5
146.13,660.5,14.9,46.69,815.02,191.14,2.1,4.1,26;9;29;15;50;50,11° 1.47549' E,46° 52.01457' N,1946.25,5
147.13,661.0,14.87,46.48,815.02,190.31,2.1,4.8,26;9;29;15;51;50,11° 1.47491' E,46° 52.01603' N,1947.9,5
148.13,662.0,14.82,47.7,815.05,190.47,2.2,7.2,26;9;29;15;52;59,11° 1.47406' E,46° 52.0169' N,1945.4,5
149.13,663.0,14.77,48.1,815.05,191.47,2.3,5.4,26;9;29;15;53;50,11° 1.47449' E,46° 52.01712' N,1947.0,5
150.13,664.0,14.79,48.09,815.06,193.89,2.3,4.4,26;9;29;15;54;50,11° 1.47568' E,46° 52.01593' N,1948.2,5
151.13,662.0,14.84,48.26,815.07,195.33,2.4,5.2,26;9;29;15;55;59,11° 1.47378' E,46° 52.01824' N,1950.1,5
152.13,665.5,14.84,48.35,815.08,194.58,2.4,10.0,26;9;29;15;56;59,11° 1.47369' E,46° 52.01796' N,1947.5,5
153.13,664.5,14.77,48.53,815.08,192.7,2.4,6.6,26;9;29;15;57;50,11° 1.47125' E,46° 52.02056' N,1947.7,5
154.13,664.0,14.72,48.7,815.1,193.04,2.5,4.8,26;9;29;15;58;50,11° 1.47193' E,46° 52.0187' N,1945.95,5
155.13,663.0,14.64,48.98,815.12,190.86,2.1,4.8,26;9;29;15;59;50,11° 1.47135' E,46° 52.01939' N,1944.0,5
156.13,664.0,14.55,49.55,815.14,190.2,2.2,7.7,26;9;29;16;0;50,11° 1.47136' E,46° 52.01929' N,1945.4,5
157.13,664.0,14.48,49.49,815.15,189.43,2.5,9.8,26;9;29;16;1;50,11° 1.47227' E,46° 52.0183' N,1942.5,5
158.13,666.5,14.28,49.96,815.17,186.64,2.6,8.0,26;9;29;16;2;50,11° 1.47199' E,46° 52.01761' N,1946.5,5
159.13,664.0,14.1,50.26,815.18,185.95,2.4,7.4,26;9;29;16;3;50,11° 1.47314' E,46° 52.01679' N,1945.55,5
160.13,666.0,14.01,50.24,815.19,187.12,2.3,13.1,26;9;29;16;4;50,11° 1.4734' E,46° 52.01554' N,1949.05,5
161.13,664.5,13.96,50.67,815.2,186.53,2.2,7.2,26;9;29;16;5;50,11° 1.47266' E,46° 52.01674' N,1949.55,5
162.13,665.5,13.88,50.9,815.2,185.9,2.3,7.6,26;9;29;16;6;50,11° 1.47235' E,46° 52.01769' N,1947.0,5
163.13,666.0,13.75,51.47,815.22,186.84,2.0,6.4,26;9;29;16;7;50,11° 1.47079' E,46° 52.0226' N,1949.0,5
164.13,664.5,13.66,51.38,815.23,185.54,2.4,7.8,26;9;29;16;8;50,11° 1.47333' E,46° 52.01756' N,1951.35,5
165.13,662.5,13.67,50.81,815.25,185.48,2.1,5.6,26;9;29;16;9;50,11° 1.47578' E,46° 52.01357' N,1946.7,5
166.13,664.0,13.75,51.12,815.25,187.12,2.5,7.7,26;9;29;16;10;50,11° 1.475' E,46° 52.01337' N,1943.55,5
167.13,663.0,13.81,51.28,815.25,186.9,2.2,4.3,26;9;29;16;11;50,11° 1.47341' E,46° 52.01632' N,1944.55,5
168.13,664.5,13.83,51.19,815.25,186.53,2.3,6.7,26;9;29;16;12;50,11° 1.47421' E,46° 52.01544' N,1946.65,5
169.13,669.5,13.79,52.02,815.26,186.69,2.4,5.2,26;9;29;16;13;50,11° 1.4743' E,46° 52.01471' N,1946.7,5
170.13,669.0,13.75,51.41,815.26,187.06,2.3,5.05,26;9;29;16;14;50,11° 1.47398' E,46° 52.01344' N,1943.55,5
171.13,667.5,13.62,51.93,815.26,186.11,2.3,6.95,26;9;29;16;15;59,11° 1.47434' E,46° 52.01387' N,1946.25,5
172.13,668.0,13.48,51.37,815.26,185.43,2.45,7.95,26;9;29;16;16;59,11° 1.47287' E,46° 52.01299' N,1946.05,5
173.13,667.0,13.39,51.2,815.27,185.8,2.4,6.65,26;9;29;16;17;50,11° 1.47328' E,46° 52.01445' N,1948.65,5
174.13,667.0,13.34,52.15,815.28,186.16,2.4,7.35,26;9;29;16;18;50,11° 1.47362' E,46° 52.01528' N,1947.6,5
175.13,668.0,13.38,52.57,815.29,185.69,2.55,10.0,26;9;29;16;19;50,11° 1.47429' E,46° 52.01355' N,1950.8,5
176.13,668.0,13.39,51.91,815.3,186.01,2.45,10.9,26;9;29;16;20;50,11° 1.47458' E,46° 52.01238' N,1947.9,5
177.13,668.5,13.35,51.6,815.31,186.37,2.5,8.75,26;9;29;16;21;50,11° 1.47436' E,46° 52.01219' N,1951.2,5
178.13,668.0,13.35,53.14,815.33,185.33,2.65,7.35,26;9;29;16;22;50,11° 1.47459' E,46° 52.01458' N,1952.55,5
179.13,667.5,13.28,53.52,815.34,186.32,2.5,6.5,26;9;29;16;23;50,11° 1.47344' E,46° 52.01242' N,1950.3,5
180.13,667.0,13.14,54.18,815.35,186.37,2.75,6.85,26;9;29;16;24;50,11° 1.47426' E,46° 52.0127' N,1954.35,5
181.13,667.5,13.05,54.3,815.35,185.49,3.15,11.05,26;9;29;16;25;50,11° 1.47397' E,46° 52.00719' N,1953.15,5
182.13,657.5,12.98,54.55,815.37,185.9,3.1,12.45,26;9;29;16;26;50,11° 1.47186' E,46° 52.00786' N,1960.4,5
183.13,655.0,12.92,54.75,815.38,185.7,2.8,10.05,26;9;29;16;27;50,11° 1.47352' E,46° 52.00866' N,1961.1,5
184.13,653.5,12.89,54.69,815.39,185.9,2.35,7.65,26;9;29;16;28;50,11° 1.47186' E,46° 52.01335' N,1960.55,5
185.13,652.5,12.81,54.84,815.39,185.8,2.2,7.45,26;9;29;16;29;50,11° 1.47355' E,46° 52.01193' N,1951.85,5
186.13,654.5,12.8,54.06,815.41,185.49,2.4,10.05,26;9;29;16;30;50,11° 1.47264' E,46° 52.01512' N,1949.7,5
187.13,660.5,12.72,53.97,815.43,183.76,2.35,9.9,26;9;29;16;31;50,11° 1.47203' E,46° 52.01295' N,1949.95,5
188.13,663.5,12.63,53.85,815.45,182.76,2.3,7.65,26;9;29;16;32;50,11° 1.47255' E,46° 52.01166' N,1950.15,5
189.13,665.5,12.54,54.46,815.46,181.87,2.6,8.1,26;9;29;16;33;50,11° 1.47269' E,46° 52.01092' N,1954.8,5
190.13,667.0,12.49,54.3,815.47,181.57,2.55,7.9,26;9;29;16;34;50,11° 1.47397' E,46° 52.01366' N,1954.45,5
191.13,668.0,12.47,54.62,815.48,183.36,2.3,6.3,26;9;29;16;35;50,11° 1.47448' E,46° 52.01477' N,1946.2,5
192.13,667.5,12.46,54.74,815.49,183.86,2.5,11.9,26;9;29;16;36;59,11° 1.47392' E,46° 52.01415' N,1946.95,5
193.13,669.0,12.51,54.7,815.49,184.67,2.3,5.8,26;9;29;16;37;59,11° 1.47376' E,46° 52.0148' N,1945.3,5
194.13,666.0,12.51,54.67,815.5,185.8,2.5,9.2,26;9;29;16;38;59,11° 1.47423' E,46° 52.01478' N,1946.6,5
195.13,666.0,12.43,54.95,815.52,184.27,2.1,7.8,26;9;29;16;39;59,11° 1.4736' E,46° 52.01513' N,1947.4,5
196.13,668.0,12.33,54.68,815.55,183.66,2.0,6.9,26;9;29;16;40;59,11° 1.47541' E,46° 52.01504' N,1955.75,5
197.13,666.0,12.29,55.19,815.56,184.07,2.4,10.0,26;9;29;16;41;59,11° 1.47442' E,46° 52.01914' N,1963.55,5
198.13,669.5,12.24,55.64,815.57,182.86,2.3,8.6,26;9;29;16;42;50,11° 1.47475' E,46° 52.01698' N,1956.95,5
199.13,671.0,12.15,55.9,815.57,182.56,2.5,8.1,26;9;29;16;43;50,11° 1.47391' E,46° 52.0159' N,1952.65,5
200.13,671.0,12.1,56.7,815.58,180.98,2.6,10.2,26;9;29;16;44;59,11° 1.47469' E,46° 52.01702' N,1949.85,5
201.13,670.0,11.98,57.13,815.6,180.11,2.6,10.2,26;9;29;16;45;50,11° 1.47486' E,46° 52.01776' N,1952.8,5
202.13,668.0,11.95,56.63,815.61,180.89,2.2,4.3,26;9;29;16;46;50,11° 1.47445' E,46° 52.01756' N,1953.25,5
203.13,670.0,11.94,57.14,815.6,180.2,2.7,7.6,26;9;29;16;47;50,11° 1.47493' E,46° 52.01767' N,1953.0,5
204.13,669.0,11.82,57.85,815.61,179.24,2.6,8.8,26;9;29;16;48;50,11° 1.47426' E,46° 52.01555' N,1952.95,5
205.13,669.0,11.71,58.38,815.62,177.62,2.6,9.6,26;9;29;16;49;50,11° 1.47679' E,46° 52.01813' N,1949.35,5
206.13,666.5,11.66,58.61,815.64,178.0,2.6,7.5,26;9;29;16;50;59,11° 1.47449' E,46° 52.01611' N,1949.65,5
207.13,666.5,11.58,58.96,815.64,176.41,2.6,7.0,26;9;29;16;51;59,11° 1.47452' E,46° 52.01662' N,1946.9,5
208.13,667.5,11.56,58.66,815.65,176.04,2.8,7.1,26;9;29;16;52;59,11° 1.47298' E,46° 52.01731' N,1947.7,5
209.13,669.0,11.6,57.14,815.65,176.41,2.4,5.7,26;9;29;16;53;59,11° 1.47277' E,46° 52.0168' N,1947.4,5
210.13,670.0,11.61,57.07,815.65,175.95,2.4,6.1,26;9;29;16;54;59,11° 1.47161' E,46° 52.01784' N,1953.25,5
211.13,665.5,11.62,57.95,815.65,177.44,2.3,6.2,26;9;29;16;55;59,11° 1.47167' E,46° 52.01624' N,1949.5,5
212.13,667.5,11.75,57.85,815.65,179.43,2.3,4.7,26;9;29;16;56;59,11° 1.47313' E,46° 52.01556' N,1950.95,5
213.13,662.5,11.85,57.78,815.65,181.38,2.3,5.0,26;9;29;16;57;59,11° 1.47352' E,46° 52.0166' N,1949.2,5
214.13,665.0,11.88,57.67,815.64,182.96,2.9,9.0,26;9;29;16;58;59,11° 1.47339' E,46° 52.01749' N,1953.6,5
215.13,667.0,11.87,57.23,815.63,184.88,2.6,7.0,26;9;29;16;59;59,11° 1.47177' E,46° 52.01791' N,1949.95,5
216.13,668.0,11.85,57.03,815.65,185.49,2.5,6.9,26;9;29;17;0;59,11° 1.47335' E,46° 52.01761' N,1951.1,5
217.13,666.0,11.83,56.61,815.65,185.6,2.0,3.4,26;9;29;17;1;59,11° 1.47394' E,46° 52.01695' N,1950.5,5
218.13,666.0,11.78,56.22,815.64,185.39,1.9,6.5,26;9;29;17;2;59,11° 1.47081' E,46° 52.01884' N,1946.8,5
219.13,666.0,11.69,55.97,815.65,183.46,2.0,5.4,26;9;29;17;3;59,11° 1.47207' E,46° 52.01916' N,1948.95,5
220.13,668.0,11.62,55.95,815.65,182.36,2.1,4.8,26;9;29;17;4;59,11° 1.47076' E,46° 52.02211' N,1953.65,5
221.13,670.5,11.6,56.33,815.65,181.67,3.6,9.6,26;9;29;17;5;59,11° 1.47298' E,46° 52.01883' N,1954.05,5
222.13,669.0,11.63,56.59,815.65,185.19,2.8,7.0,26;9;29;17;6;59,11° 1.47328' E,46° 52.01543' N,1951.7,5
223.13,669.5,11.6,56.61,815.64,186.21,2.1,4.5,26;9;29;17;7;59,11° 1.47153' E,46° 52.01577' N,1947.75,5
224.13,670.0,11.59,56.78,815.64,185.33,2.4,6.5,26;9;29;17;8;59,11° 1.47145' E,46° 52.01609' N,1947.8,5
225.13,672.0,11.54,56.88,815.64,186.22,1.9,4.0,26;9;29;17;9;59,11° 1.47306' E,46° 52.01571' N,1949.8,5
226.13,670.5,11.48,57.01,815.63,186.53,1.9,5.4,26;9;29;17;10;59,11° 1.47346' E,46° 52.01568' N,1947.75,5
227.13,666.0,11.39,57.27,815.64,186.53,2.1,7.0,26;9;29;17;11;59,11° 1.47429' E,46° 52.01602' N,1947.25,5
228.13,666.0,11.34,57.34,815.65,186.11,2.1,5.6,26;9;29;17;12;59,11° 1.47323' E,46° 52.01239' N,1944.65,5
229.13,666.5,11.3,56.46,815.64,185.39,2.1,3.5,26;9;29;17;13;59,11° 1.47162' E,46° 52.01599' N,1945.5,5
230.13,665.5,11.25,56.55,815.65,185.19,1.9,4.5,26;9;29;17;14;59,11° 1.47251' E,46° 52.01567' N,1946.1,5
231.13,666.0,11.24,56.93,815.66,185.9,1.8,5.2,26;9;29;17;15;59,11° 1.47413' E,46° 52.01424' N,1945.85,5
232.13,665.0,11.26,56.77,815.66,185.54,1.8,5.1,26;9;29;17;16;59,11° 1.47363' E,46° 52.01608' N,1944.55,5
233.13,667.0,11.25,57.09,815.67,186.8,1.7,2.6,26;9;29;17;17;50,11° 1.47318' E,46° 52.01211' N,1942.9,5
234.13,666.0,11.24,57.34,815.67,187.76,1.9,3.4,26;9;29;17;18;50,11° 1.47299' E,46° 52.01399' N,1942.4,5
235.13,655.5,11.14,57.58,815.68,188.46,1.7,4.0,26;9;29;17;19;50,11° 1.47341' E,46° 52.01197' N,1939.3,5
236.13,660.5,11.07,57.71,815.69,188.94,1.7,2.8,26;9;29;17;20;50,11° 1.47241' E,46° 52.01287' N,1938.75,5
237.13,662.0,11.02,57.48,815.69,188.56,1.6,3.0,26;9;29;17;21;59,11° 1.47343' E,46° 52.01373' N,1940.5,5
238.13,664.5,10.97,57.07,815.71,185.59,1.7,2.7,26;9;29;17;22;50,11° 1.47252' E,46° 52.01332' N,1943.95,5
239.13,669.5,10.92,57.2,815.71,186.01,2.1,4.5,26;9;29;17;23;50,11° 1.47308' E,46° 52.01397' N,1943.85,5
240.13,671.5,10.97,57.68,815.72,186.06,2.2,3.6,26;9;29;17;24;50,11° 1.47235' E,46° 52.01138' N,1943.1,5
241.13,671.5,11.01,57.93,815.73,186.9,1.8,3.3,26;9;29;17;25;50,11° 1.47188' E,46° 52.01317' N,1944.4,5
242.13,671.5,11.03,57.93,815.72,188.13,2.0,6.4,26;9;29;17;26;59,11° 1.47091' E,46° 52.01307' N,1942.6,5
243.13,669.0,11.02,57.63,815.73,188.72,1.7,3.3,26;9;29;17;27;59,11° 1.47167' E,46° 52.01477' N,1945.3,5
244.13,667.0,11.0,57.55,815.74,189.38,1.8,3.2,26;9;29;17;28;50,11° 1.47099' E,46° 52.01399' N,1945.75,5
245.13,666.0,10.98,57.5,815.75,189.49,1.7,2.3,26;9;29;17;29;50,11° 1.47001' E,46° 52.0152' N,1942.35,5
246.13,666.0,10.92,57.51,815.74,190.58,1.5,5.5,26;9;29;17;30;50,11° 1.47221' E,46° 52.01483' N,1945.1,5
247.13,666.5,10.89,57.72,815.75,190.31,1.6,2.4,26;9;29;17;31;50,11° 1.47236' E,46° 52.01459' N,1943.1,5
248.13,666.0,10.8,57.96,815.75,190.03,1.9,2.9,26;9;29;17;32;50,11° 1.47411' E,46° 52.01472' N,1945.6,5
249.13,665.0,10.75,57.78,815.75,189.49,1.8,3.4,26;9;29;17;33;50,11° 1.47376' E,46° 52.01631' N,1943.0,5
250.13,668.0,10.65,57.76,815.75,187.23,1.8,2.7,26;9;29;17;34;50,11° 1.47262' E,46° 52.01475' N,1940.3,5
251.13,671.0,10.57,57.71,815.76,186.01,1.7,5.3,26;9;29;17;35;50,11° 1.4731' E,46° 52.01583' N,1940.2,5
252.13,672.5,10.55,58.09,815.77,186.63,1.9,4.1,26;9;29;17;36;50,11° 1.47292' E,46° 52.01601' N,1943.5,5
253.13,675.0,10.53,58.05,815.77,186.84,1.8,3.0,26;9;29;17;37;50,11° 1.47226' E,46° 52.01555' N,1941.75,5
254.13,675.0,10.52,58.33,815.79,185.54,1.8,3.7,26;9;29;17;38;50,11° 1.4735' E,46° 52.01441' N,1944.0,5
255.13,680.5,10.54,58.04,815.78,186.48,1.8,2.6,26;9;29;17;39;50,11° 1.47337' E,46° 52.01528' N,1945.05,5
256.13,679.0,10.54,57.85,815.79,187.01,1.6,2.7,26;9;29;17;40;50,11° 1.47311' E,46° 52.01555' N,1939.95,5
257.13,679.0,10.45,58.02,815.81,187.22,1.5,3.8,26;9;29;17;41;50,11° 1.47277' E,46° 52.01667' N,1938.25,5
258.13,679.0,10.5,58.23,815.8,189.59,1.5,3.3,26;9;29;17;42;50,11° 1.47384' E,46° 52.01601' N,1940.7,5
259.13,676.5,10.57,58.31,815.81,190.25,1.7,2.8,26;9;29;17;43;59,11° 1.47238' E,46° 52.01466' N,1943.65,5
260.13,674.0,10.59,58.48,815.82,189.76,1.6,2.9,26;9;29;17;44;59,11° 1.47317' E,46° 52.01578' N,1942.85,5
261.13,662.5,10.56,58.53,815.83,191.02,1.8,3.7,26;9;29;17;45;59,11° 1.4728' E,46° 52.0172' N,1938.85,5
262.13,663.5,10.48,58.72,815.85,190.8,1.8,3.7,26;9;29;17;46;59,11° 1.47224' E,46° 52.01611' N,1939.2,5
263.13,661.0,10.47,58.57,815.85,191.3,1.6,5.6,26;9;29;17;47;59,11° 1.47266' E,46° 52.01641' N,1941.45,5
264.13,663.0,10.43,57.8,815.86,188.19,1.8,3.7,26;9;29;17;48;59,11° 1.47266' E,46° 52.01637' N,1940.15,5
265.13,667.5,10.3,57.9,815.88,186.53,1.7,3.3,26;9;29;17;49;59,11° 1.47319' E,46° 52.01592' N,1941.45,5
266.13,672.0,10.2,57.73,815.89,185.6,1.6,3.4,26;9;29;17;50;50,11° 1.47354' E,46° 52.01625' N,1941.95,5
267.13,671.5,10.14,58.51,815.92,185.8,1.8,3.7,26;9;29;17;51;59,11° 1.47309' E,46° 52.01647' N,1942.95,5
268.13,672.5,10.19,58.59,815.92,186.9,1.8,3.7,26;9;29;17;52;59,11° 1.47233' E,46° 52.01568' N,1942.7,5
269.13,675.5,10.08,59.45,815.93,186.22,1.6,3.3,26;9;29;17;53;59,11° 1.473' E,46° 52.01555' N,1944.75,5
270.13,675.0,9.98,59.4,815.94,187.76,1.5,2.7,26;9;29;17;54;59,11° 1.47273' E,46° 52.01553' N,1945.15,5
271.13,674.0,10.01,58.72,815.95,187.33,1.7,6.6,26;9;29;17;55;59,11° 1.47379' E,46° 52.01537' N,1948.25,5
272.13,675.0,9.99,58.48,815.96,185.54,1.7,3.9,26;9;29;17;56;59,11° 1.47356' E,46° 52.01603' N,1946.1,5
273.13,675.0,10.0,58.53,815.96,186.58,1.5,2.8,26;9;29;17;57;59,11° 1.47313' E,46° 52.01714' N,1945.05,5
274.13,677.5,10.02,59.08,815.96,186.53,1.6,2.8,26;9;29;17;58;50,11° 1.47333' E,46° 52.01656' N,1943.15,5
275.13,676.0,9.96,59.54,815.96,186.27,1.6,3.0,26;9;29;17;59;50,11° 1.47403' E,46° 52.01652' N,1945.95,5
276.13,676.0,9.87,59.58,815.98,186.32,1.6,3.8,26;9;29;18;0;59,11° 1.47378' E,46° 52.01683' N,1946.1,5
277.13,676.5,9.84,59.78,815.98,186.63,1.7,3.7,26;9;29;18;1;59,11° 1.47389' E,46° 52.01774' N,1941.65,5
278.13,675.5,9.98,59.61,815.98,187.92,1.8,3.5,26;9;29;18;2;50,11° 1.47427' E,46° 52.01601' N,1942.9,5
279.13,675.5,10.04,58.75,815.98,188.13,1.5,3.0,26;9;29;18;3;59,11° 1.47403' E,46° 52.01583' N,1944.25,5
280.13,676.0,10.01,58.73,815.98,186.11,1.7,6.4,26;9;29;18;4;59,11° 1.47442' E,46° 52.01674' N,1946.05,5
281.13,673.0,10.0,58.72,815.98,186.01,1.5,2.4,26;9;29;18;5;59,11° 1.47485' E,46° 52.01422' N,1947.7,5
282.13,674.5,9.93,58.61,815.98,186.11,1.4,2.4,26;9;29;18;6;59,11° 1.47441' E,46° 52.01559' N,1944.45,5
283.13,674.5,9.86,59.07,816.0,186.22,1.8,4.2,26;9;29;18;7;59,11° 1.47373' E,46° 52.01409' N,1945.5,5
284.13,673.0,9.84,58.82,815.99,185.38,4.0,7.3,26;9;29;18;8;59,11° 1.47392' E,46° 52.01362' N,1944.75,5
285.13,672.5,9.87,59.17,816.0,186.53,2.3,4.8,26;9;29;18;9;59,11° 1.47451' E,46° 52.01402' N,1944.45,5
286.13,672.0,10.01,59.14,815.99,188.83,1.5,2.7,26;9;29;18;10;59,11° 1.4742' E,46° 52.01624' N,1942.4,5
287.13,669.5,10.06,59.16,815.98,191.36,1.5,3.1,26;9;29;18;11;59,11° 1.47471' E,46° 52.01432' N,1940.45,5
288.13,668.0,10.04,58.58,815.98,190.2,1.5,3.3,26;9;29;18;12;59,11° 1.47459' E,46° 52.01095' N,1942.05,5
289.13,670.0,10.04,58.59,815.98,191.02,1.6,3.7,26;9;29;18;13;59,11° 1.47482' E,46° 52.01736' N,1946.7,5
290.13,670.0,10.08,58.43,815.98,192.7,1.6,2.8,26;9;29;18;14;59,11° 1.47482' E,46° 52.018' N,1941.1,5
291.13,670.0,10.11,58.49,815.99,193.61,1.8,3.5,26;9;29;18;15;50,11° 1.47364' E,46° 52.01787' N,1940.15,5
292.13,671.0,10.06,58.47,815.99,191.14,1.7,4.8,26;9;29;18;16;50,11° 1.47378' E,46° 52.01781' N,1938.9,5
293.13,673.0,9.95,58.3,815.99,186.8,1.5,2.6,26;9;29;18;17;50,11° 1.47343' E,46° 52.01439' N,1942.7,5
294.13,674.0,9.85,58.37,815.99,186.11,2.0,3.1,26;9;29;18;18;50,11° 1.473' E,46° 52.01543' N,1941.15,5
295.13,677.0,9.79,58.78,816.0,186.21,2.0,4.0,26;9;29;18;19;50,11° 1.47487' E,46° 52.01414' N,1943.85,5
296.13,678.0,9.76,58.77,816.0,185.95,1.9,4.45,26;9;29;18;20;50,11° 1.47472' E,46° 52.01411' N,1946.3,5
297.13,677.0,9.72,59.16,816.01,186.53,2.2,5.15,26;9;29;18;21;50,11° 1.47412' E,46° 52.01533' N,1948.6,5
298.13,678.0,9.72,58.85,816.01,186.11,2.7,5.3,26;9;29;18;22;50,11° 1.47295' E,46° 52.01629' N,1941.05,5
299.13,677.5,9.74,59.08,816.01,187.49,2.15,3.65,26;9;29;18;23;59,11° 1.47412' E,46° 52.01376' N,1944.9,5
300.13,675.0,9.72,59.33,816.01,186.85,1.45,3.05,26;9;29;18;24;50,11° 1.47036' E,46° 52.01221' N,1942.4,5
301.13,676.0,9.75,59.38,816.0,188.13,1.5,3.7,26;9;29;18;25;50,11° 1.47181' E,46° 52.01487' N,1936.7,5
302.13,672.0,9.83,59.04,816.01,189.98,1.55,3.25,26;9;29;18;26;50,11° 1.47202' E,46° 52.01581' N,1938.55,5
303.13,672.5,9.78,58.77,816.02,187.76,1.5,3.15,26;9;29;18;27;50,11° 1.47337' E,46° 52.01599' N,1941.0,5
304.13,672.0,9.71,59.19,816.02,186.64,2.05,5.05,26;9;29;18;28;50,11° 1.47205' E,46° 52.01506' N,1938.35,5
305.13,674.0,9.65,59.81,816.02,188.35,2.15,4.85,26;9;29;18;29;50,11° 1.473' E,46° 52.01659' N,1940.2,5
306.13,675.0,9.66,59.55,816.03,189.32,1.65,3.15,26;9;29;18;30;50,11° 1.47343' E,46° 52.01459' N,1943.65,5
307.13,672.0,9.68,59.42,816.04,190.36,1.65,3.5,26;9;29;18;31;50,11° 1.47424' E,46° 52.01703' N,1945.95,5
308.13,671.0,9.65,59.75,816.04,190.42,1.6,2.95,26;9;29;18;32;50,11° 1.4741' E,46° 52.02018' N,1946.5,5
309.13,669.5,9.7,59.27,816.05,191.02,1.45,2.4,26;9;29;18;33;50,11° 1.47403' E,46° 52.01921' N,1946.7,5
310.13,669.5,9.63,59.02,816.06,187.44,1.3,2.2,26;9;29;18;34;50,11° 1.47193' E,46° 52.01468' N,1939.9,5
311.13,670.0,9.59,59.31,816.07,188.89,1.35,2.4,26;9;29;18;35;50,11° 1.47335' E,46° 52.0188' N,1939.2,5
312.13,672.0,9.61,59.78,816.07,190.42,1.45,2.8,26;9;29;18;36;50,11° 1.47327' E,46° 52.01684' N,1941.95,5
313.13,672.5,9.65,59.49,816.09,191.36,1.45,3.4,26;9;29;18;37;50,11° 1.47252' E,46° 52.01762' N,1940.9,5
314.13,673.0,9.6,59.31,816.09,188.62,1.5,3.25,26;9;29;18;38;50,11° 1.47235' E,46° 52.01855' N,1939.5,5
315.13,674.5,9.55,59.16,816.1,187.65,1.4,3.2,26;9;29;18;39;50,11° 1.47237' E,46° 52.01716' N,1942.2,5
316.13,675.0,9.6,59.15,816.11,189.98,1.3,3.9,26;9;29;18;40;50,11° 1.47272' E,46° 52.01686' N,1941.3,5
317.13,673.0,9.65,59.01,816.12,193.38,1.7,2.6,26;9;29;18;41;50,11° 1.47171' E,46° 52.02085' N,1941.75,5
318.13,671.0,9.59,59.25,816.12,192.42,1.2,2.0,26;9;29;18;42;50,11° 1.47134' E,46° 52.0179' N,1941.75,5
319.13,672.5,9.58,59.21,816.13,194.58,1.3,2.0,26;9;29;18;43;50,11° 1.47094' E,46° 52.01878' N,1940.2,5
320.13,672.0,9.61,58.98,816.11,195.16,1.5,2.3,26;9;29;18;44;50,11° 1.47247' E,46° 52.01844' N,1938.4,5
321.13,672.0,9.51,59.4,816.12,193.95,1.5,2.6,26;9;29;18;45;50,11° 1.47349' E,46° 52.01742' N,1942.5,5
322.13,671.5,9.4,59.68,816.13,194.58,1.4,2.1,26;9;29;18;46;50,11° 1.47303' E,46° 52.01868' N,1941.85,5
323.13,670.0,9.42,59.5,816.12,194.12,1.3,2.1,26;9;29;18;47;50,11° 1.47191' E,46° 52.01668' N,1943.0,5
324.13,668.0,9.45,59.35,816.12,192.76,1.4,1.9,26;9;29;18;48;50,11° 1.47324' E,46° 52.01746' N,1943.55,5
325.13,668.0,9.45,59.11,816.11,192.53,1.6,3.2,26;9;29;18;49;50,11° 1.47345' E,46° 52.01564' N,1945.5,5
326.13,667.0,9.51,59.16,816.11,194.75,1.4,2.4,26;9;29;18;50;50,11° 1.47388' E,46° 52.01606' N,1940.45,5
327.13,667.5,9.57,59.12,816.11,196.61,1.2,1.9,26;9;29;18;51;50,11° 1.47328' E,46° 52.01907' N,1942.8,5
328.13,668.0,9.57,59.07,816.1,196.79,1.9,2.4,26;9;29;18;52;50,11° 1.47267' E,46° 52.01772' N,1940.5,5
329.13,671.0,9.52,58.97,816.11,195.33,1.8,2.5,26;9;29;18;53;50,11° 1.47244' E,46° 52.0163' N,1947.95,5
330.13,669.0,9.51,59.35,816.12,195.97,1.7,3.4,26;9;29;18;54;50,11° 1.47324' E,46° 52.0161' N,1949.75,5
331.13,669.0,9.5,59.3,816.12,197.56,1.7,3.0,26;9;29;18;55;50,11° 1.4733' E,46° 52.01659' N,1942.7,5
332.13,669.0,9.4,59.38,816.13,195.97,1.9,2.4,26;9;29;18;56;50,11° 1.47182' E,46° 52.01784' N,1945.05,5
333.13,669.5,9.32,59.07,816.13,192.59,1.8,2.9,26;9;29;18;57;59,11° 1.47327' E,46° 52.01773' N,1943.9,5
334.13,671.0,9.25,59.86,816.14,191.69,2.3,2.5,26;9;29;18;58;50,11° 1.47208' E,46° 52.01591' N,1943.35,5
335.13,672.5,9.16,60.05,816.14,191.13,2.1,3.6,26;9;29;18;59;50,11° 1.47275' E,46° 52.01806' N,1947.85,5
336.13,672.0,9.14,60.09,816.15,191.86,1.5,2.4,26;9;29;19;0;59,11° 1.47323' E,46° 52.01659' N,1947.3,5
337.13,673.5,9.14,59.63,816.14,190.53,2.5,3.5,26;9;29;19;1;59,11° 1.47516' E,46° 52.01722' N,1943.8,5
338.13,673.0,9.14,59.61,816.14,187.81,1.7,2.2,26;9;29;19;2;50,11° 1.47466' E,46° 52.01752' N,1945.45,5
339.13,673.5,9.16,59.62,816.16,188.24,1.6,1.9,26;9;29;19;3;59,11° 1.47369' E,46° 52.01803' N,1937.6,5
340.13,674.0,9.23,59.93,816.15,190.47,2.1,2.5,26;9;29;19;4;50,11° 1.47504' E,46° 52.01661' N,1942.15,5
341.13,674.0,9.34,59.43,816.17,193.89,2.0,2.5,26;9;29;19;5;50,11° 1.47388' E,46° 52.01751' N,1942.7,5
342.13,671.0,9.37,59.08,816.17,197.2,2.5,4.5,26;9;29;19;6;50,11° 1.47312' E,46° 52.01842' N,1942.25,5
343.13,668.5,9.34,59.22,816.16,199.59,4.7,5.1,26;9;29;19;7;50,11° 1.47203' E,46° 52.01579' N,1943.4,5
344.13,668.0,9.33,59.13,816.17,199.77,6.1,6.7,26;9;29;19;8;59,11° 1.47431' E,46° 52.01769' N,1942.8,5
345.13,670.0,9.28,59.22,816.18,199.11,4.4,4.9,26;9;29;19;9;50,11° 1.47195' E,46° 52.02048' N,1944.4,5
346.13,670.0,9.21,59.31,816.18,198.51,3.7,4.1,26;9;29;19;10;59,11° 1.47356' E,46° 52.0167' N,1945.6,5
347.13,670.5,9.2,59.23,816.18,197.85,2.5,3.1,26;9;29;19;11;59,11° 1.47411' E,46° 52.01781' N,1952.5,5
348.13,670.0,9.18,59.45,816.18,198.93,5.1,5.7,26;9;29;19;12;59,11° 1.47445' E,46° 52.02041' N,1952.45,5
349.13,672.0,9.14,59.45,816.18,199.17,4.0,4.4,26;9;29;19;13;50,11° 1.47472' E,46° 52.01958' N,1957.05,5
350.13,673.0,9.11,59.05,816.19,195.39,4.0,4.6,26;9;29;19;14;50,11° 1.47545' E,46° 52.01853' N,1960.25,5
351.13,675.0,8.99,59.17,816.19,192.64,6.5,7.2,26;9;29;19;15;50,11° 1.47427' E,46° 52.01881' N,1949.9,5
352.13,674.0,8.97,59.48,816.19,194.47,4.1,5.0,26;9;29;19;16;50,11° 1.4753' E,46° 52.02038' N,1951.45,5
353.13,674.0,9.01,59.44,816.2,194.87,4.0,4.4,26;9;29;19;17;50,11° 1.47426' E,46° 52.01589' N,1947.4,5
354.13,673.5,9.07,59.72,816.22,197.08,5.4,6.9,26;9;29;19;18;50,11° 1.47324' E,46° 52.01619' N,1943.7,5
355.13,673.5,9.1,59.65,816.22,198.45,5.7,6.3,26;9;29;19;19;50,11° 1.47353' E,46° 52.01584' N,1939.55,5
356.13,671.0,9.03,59.52,816.22,197.26,5.2,5.7,26;9;29;19;20;50,11° 1.47399' E,46° 52.01494' N,1942.15,5
357.13,670.0,9.0,59.96,816.22,197.67,6.4,7.0,26;9;29;19;21;50,11° 1.47185' E,46° 52.01161' N,1935.4,5
358.13,671.0,8.99,59.92,816.24,197.91,5.4,7.1,26;9;29;19;22;50,11° 1.47434' E,46° 52.01561' N,1940.2,5
359.13,670.5,8.95,59.69,816.24,197.2,8.1,8.8,26;9;29;19;23;50,11° 1.47455' E,46° 52.01457' N,1944.8,5
360.13,670.5,8.87,59.92,816.24,195.97,6.8,7.4,26;9;29;19;24;59,11° 1.47421' E,46° 52.01423' N,1946.25,5
361.13,670.5,8.83,60.12,816.24,196.03,6.1,6.8,26;9;29;19;25;50,11° 1.47396' E,46° 52.01485' N,1940.85,5
362.13,669.0,8.82,60.29,816.24,197.62,9.1,10.0,26;9;29;19;26;50,11° 1.47391' E,46° 52.01484' N,1941.2,5
363.13,670.0,8.82,60.28,816.25,198.39,8.9,9.8,26;9;29;19;27;59,11° 1.4729' E,46° 52.01444' N,1937.6,5
364.13,671.5,8.8,60.2,816.26,198.03,9.1,10.0,26;9;29;19;28;59,11° 1.47307' E,46° 52.01441' N,1936.35,5
365.13,672.0,8.78,60.09,816.26,197.91,10.4,11.4,26;9;29;19;29;59,11° 1.47324' E,46° 52.01471' N,1940.05,5
366.13,674.0,8.75,60.02,816.27,196.55,9.9,10.8,26;9;29;19;30;59,11° 1.47015' E,46° 52.01206' N,1928.65,5
Tijd,CO2,TempBME,RHBME,Press,Rvoc,PM2.5,PM10,TijdGPS,LengteGr,BreedteGr,Hoogte,Sensornummer
Tijd,CO2,TempBME,RHBME,Press,Rvoc,PM2.5,PM10,TijdGPS,LengteGr,BreedteGr,Hoogte,Sensornummer

