Tijd,CO2,TempBME,RHBME,Press,Rvoc,PM2.5,PM10,TijdGPS,LengteGr,BreedteGr,Hoogte,Sensornummer
Tijd,CO2,TempBME,RHBME,Press,Rvoc,PM2.5,PM10,TijdGPS,LengteGr,BreedteGr,Hoogte,Sensornummer
Tijd,CO2,TempBME,RHBME,Press,Rvoc,PM2.5,PM10,TijdGPS,LengteGr,BreedteGr,Hoogte,Sensornummer
1.13,1472.5,23.79,63.94,1016.83,22.52,0.0,0.0,0;0;0;17;45;15,0,0,0,6
2.13,698.0,23.19,61.98,1016.86,32.36,3.0,6.1,26;9;26;17;46;15,0,0,0,6
Tijd,CO2,TempBME,RHBME,Press,Rvoc,PM2.5,PM10,TijdGPS,LengteGr,BreedteGr,Hoogte,Sensornummer
Tijd,CO2,TempBME,RHBME,Press,Rvoc,PM2.5,PM10,TijdGPS,LengteGr,BreedteGr,Hoogte,Sensornummer
Tijd,CO2,TempBME,RHBME,Press,Rvoc,PM2.5,PM10,TijdGPS,LengteGr,BreedteGr,Hoogte,Sensornummer
1.13,98.5,23.79,34.75,813.29,6.25,1.9,15.5,0;0;0;0;0;0,0,0,0,6
2.13,322.0,23.89,34.91,813.28,9.74,1.6,9.1,26;9;29;13;29;18,0,0,0,6
3.13,386.5,23.88,35.53,813.31,14.44,1.0,5.4,26;9;29;13;30;18,0,0,0,6
4.13,388.5,23.74,34.34,813.31,20.0,1.1,4.0,26;9;29;13;31;9,11° 1.47373' E,46° 52.01554' N,1956.45,6
5.13,390.0,23.45,33.51,813.3,26.48,0.9,1.8,26;9;29;13;32;9,11° 1.47264' E,46° 52.01714' N,1950.7,6
6.13,389.0,23.14,33.52,813.31,33.08,0.8,2.2,26;9;29;13;33;18,11° 1.47358' E,46° 52.01689' N,1949.05,6
7.13,394.0,22.91,34.03,813.32,39.24,0.8,2.1,26;9;29;13;34;18,11° 1.47276' E,46° 52.01783' N,1951.85,6
8.13,396.0,22.75,33.9,813.33,45.22,1.0,2.6,26;9;29;13;35;9,11° 1.47212' E,46° 52.0174' N,1948.35,6
9.13,395.0,22.59,34.41,813.34,50.56,0.9,2.3,26;9;29;13;36;9,11° 1.47262' E,46° 52.01577' N,1953.4,6
10.13,396.0,22.49,34.36,813.34,56.02,0.9,2.1,26;9;29;13;37;6,11° 1.47216' E,46° 52.01544' N,1948.5,6
11.13,397.0,22.33,34.12,813.33,61.49,0.9,2.1,26;9;29;13;38;6,11° 1.47202' E,46° 52.01661' N,1946.7,6
12.13,398.0,22.29,34.36,813.32,66.18,1.0,2.5,26;9;29;13;39;6,11° 1.47343' E,46° 52.01477' N,1948.0,6
13.13,399.0,22.39,34.98,813.31,69.4,1.1,2.6,26;9;29;13;40;6,11° 1.47482' E,46° 52.01556' N,1947.75,6
14.13,399.0,22.48,34.5,813.31,73.72,1.1,2.9,26;9;29;13;41;6,11° 1.47354' E,46° 52.0152' N,1946.45,6
15.13,398.0,22.46,34.89,813.31,77.14,0.9,2.3,26;9;29;13;42;6,11° 1.47461' E,46° 52.01583' N,1945.8,6
16.13,397.0,22.36,34.8,813.31,81.36,1.2,2.6,26;9;29;13;43;6,11° 1.47367' E,46° 52.01672' N,1943.7,6
17.13,398.0,22.35,34.78,813.31,84.68,1.0,2.4,26;9;29;13;44;6,11° 1.47397' E,46° 52.01725' N,1943.15,6
18.13,398.0,22.39,34.66,813.31,87.68,1.2,3.1,26;9;29;13;45;6,11° 1.47405' E,46° 52.01651' N,1946.1,6
19.13,398.0,22.39,34.75,813.31,90.51,1.1,3.2,26;9;29;13;46;6,11° 1.4737' E,46° 52.01554' N,1946.15,6
20.13,412.0,22.08,35.03,813.32,94.33,1.3,3.0,26;9;29;13;47;6,11° 1.47423' E,46° 52.01704' N,1947.85,6
21.13,415.5,21.72,36.16,813.32,96.02,1.1,3.1,26;9;29;13;48;6,11° 1.47369' E,46° 52.01651' N,1947.0,6
22.13,412.5,21.85,36.48,813.33,97.44,1.3,3.8,26;9;29;13;49;6,11° 1.47312' E,46° 52.01548' N,1946.7,6
23.13,407.5,22.06,36.0,813.31,98.55,1.3,2.9,26;9;29;13;50;6,11° 1.4732' E,46° 52.01502' N,1950.3,6
24.13,406.0,22.2,35.85,813.3,101.22,1.2,2.5,26;9;29;13;51;6,11° 1.47302' E,46° 52.01562' N,1948.0,6
25.13,408.5,22.2,35.85,813.3,103.59,1.3,2.8,26;9;29;13;52;6,11° 1.47283' E,46° 52.01554' N,1946.2,6
26.13,408.0,22.2,36.53,813.3,104.43,1.3,2.6,26;9;29;13;53;6,11° 1.47212' E,46° 52.01676' N,1950.2,6
27.13,406.0,21.65,36.46,813.3,109.99,1.3,3.2,26;9;29;13;54;6,11° 1.47214' E,46° 52.01583' N,1948.95,6
28.13,407.0,21.47,37.39,813.3,111.16,1.2,2.9,26;9;29;13;55;6,11° 1.47342' E,46° 52.0153' N,1943.5,6
29.13,407.5,21.67,37.31,813.29,110.79,1.4,2.9,26;9;29;13;56;6,11° 1.47353' E,46° 52.01509' N,1943.8,6
30.13,409.0,21.78,36.92,813.3,112.35,1.5,2.9,26;9;29;13;57;6,11° 1.47349' E,46° 52.01448' N,1945.45,6
31.13,408.0,21.87,36.99,813.32,113.37,1.2,2.6,26;9;29;13;58;6,11° 1.47356' E,46° 52.01376' N,1944.2,6
32.13,410.0,21.62,37.43,813.32,117.37,1.4,3.3,26;9;29;13;59;6,11° 1.4736' E,46° 52.01655' N,1945.9,6
33.13,410.5,21.18,39.19,813.32,119.32,1.5,3.6,26;9;29;14;0;6,11° 1.47335' E,46° 52.01681' N,1943.5,6
34.13,396.0,20.35,39.94,813.34,123.48,1.7,5.1,26;9;29;14;1;6,11° 1.47228' E,46° 52.01544' N,1943.7,6
35.13,407.5,19.61,40.9,813.34,126.74,1.7,3.5,26;9;29;14;2;6,11° 1.47239' E,46° 52.01688' N,1945.5,6
36.13,408.0,19.4,41.29,813.35,128.93,1.6,3.4,26;9;29;14;3;6,11° 1.47245' E,46° 52.01398' N,1926.9,6
37.13,407.0,19.65,40.98,813.36,129.78,1.8,3.7,26;9;29;14;4;6,11° 1.47327' E,46° 52.01809' N,1951.2,6
38.13,406.0,19.75,41.34,813.37,131.14,2.0,4.2,26;9;29;14;5;6,11° 1.47378' E,46° 52.01653' N,1949.7,6
39.13,406.5,19.75,41.39,813.35,132.49,1.8,7.1,26;9;29;14;6;6,11° 1.47391' E,46° 52.01525' N,1943.8,6
40.13,408.0,19.73,41.16,813.35,134.66,1.6,3.2,26;9;29;14;7;6,11° 1.47362' E,46° 52.01423' N,1942.35,6
41.13,402.5,19.59,41.33,813.35,136.19,1.7,4.0,26;9;29;14;8;6,11° 1.47385' E,46° 52.01452' N,1942.95,6
42.13,405.5,19.68,41.15,813.36,137.24,1.7,3.8,26;9;29;14;9;6,11° 1.47533' E,46° 52.01623' N,1945.5,6
43.13,407.0,19.66,42.04,813.38,136.97,1.8,3.7,26;9;29;14;10;6,11° 1.47395' E,46° 52.01588' N,1947.85,6
44.13,407.5,19.68,41.68,813.38,138.95,2.1,8.7,26;9;29;14;11;6,11° 1.47423' E,46° 52.01652' N,1948.95,6
45.13,397.0,19.7,42.52,813.38,138.66,2.4,13.6,26;9;29;14;12;6,11° 1.47452' E,46° 52.01731' N,1950.3,6
46.13,401.0,19.72,41.24,813.38,140.69,1.9,4.9,26;9;29;14;13;15,11° 1.47336' E,46° 52.01471' N,1948.45,6
47.13,409.0,19.42,40.77,813.38,145.25,1.3,3.3,26;9;29;14;14;6,11° 1.47339' E,46° 52.01408' N,1944.3,6
48.13,407.0,19.46,41.78,813.39,145.63,1.5,3.1,26;9;29;14;15;6,11° 1.47305' E,46° 52.01407' N,1944.4,6
49.13,407.0,19.77,42.13,813.37,140.81,1.6,3.2,26;9;29;14;16;6,11° 1.47242' E,46° 52.01431' N,1946.7,6
50.13,409.0,20.15,40.56,813.37,140.1,1.8,5.2,26;9;29;14;17;6,11° 1.47281' E,46° 52.01712' N,1947.9,6
51.13,408.0,20.23,41.42,813.38,140.63,1.4,3.0,26;9;29;14;18;6,11° 1.47309' E,46° 52.015' N,1946.7,6
52.13,405.0,19.96,41.33,813.39,144.19,1.7,3.2,26;9;29;14;19;15,11° 1.47217' E,46° 52.0121' N,1942.15,6
53.13,407.0,19.67,41.23,813.4,147.03,1.6,3.5,26;9;29;14;20;6,11° 1.47233' E,46° 52.01352' N,1942.7,6
54.13,407.5,19.54,41.27,813.39,148.19,1.8,4.9,26;9;29;14;21;6,11° 1.47279' E,46° 52.01548' N,1945.1,6
55.13,411.0,19.64,41.5,813.4,146.07,1.7,3.2,26;9;29;14;22;6,11° 1.47296' E,46° 52.01595' N,1948.3,6
56.13,413.0,19.94,42.4,813.4,144.44,1.7,3.6,26;9;29;14;23;15,11° 1.47377' E,46° 52.01545' N,1948.85,6
57.13,414.0,20.09,42.07,813.41,144.69,1.8,4.9,26;9;29;14;24;6,11° 1.47379' E,46° 52.0161' N,1948.35,6
58.13,414.5,19.99,42.44,813.42,144.87,1.8,3.8,26;9;29;14;25;6,11° 1.47383' E,46° 52.01596' N,1947.9,6
59.13,418.5,19.95,42.01,813.43,146.26,2.0,5.9,26;9;29;14;26;6,11° 1.47336' E,46° 52.01476' N,1946.9,6
60.13,425.0,19.52,42.82,813.44,148.13,1.8,3.9,26;9;29;14;27;6,11° 1.4733' E,46° 52.01582' N,1947.9,6
61.13,418.5,19.35,43.53,813.45,148.32,2.2,5.8,26;9;29;14;28;6,11° 1.47319' E,46° 52.01575' N,1947.7,6
62.13,418.5,19.28,44.0,813.45,147.87,1.8,4.0,26;9;29;14;29;6,11° 1.47439' E,46° 52.01522' N,1946.4,6
63.13,424.0,19.26,43.8,813.46,148.59,1.9,4.6,26;9;29;14;30;6,11° 1.47304' E,46° 52.01529' N,1947.0,6
64.13,422.5,19.08,43.98,813.45,149.84,2.3,5.3,26;9;29;14;31;6,11° 1.47371' E,46° 52.01518' N,1946.0,6
65.13,425.0,19.17,44.25,813.47,147.61,1.8,4.1,26;9;29;14;32;6,11° 1.47381' E,46° 52.01445' N,1944.0,6
66.13,421.0,19.12,43.92,813.46,150.18,1.9,3.7,26;9;29;14;33;6,11° 1.47443' E,46° 52.01464' N,1943.2,6
67.13,418.5,19.15,44.33,813.45,148.52,3.3,19.4,26;9;29;14;34;6,11° 1.47371' E,46° 52.01449' N,1942.1,6
68.13,441.5,19.04,44.33,813.45,150.85,2.4,8.2,26;9;29;14;35;6,11° 1.47353' E,46° 52.0139' N,1942.8,6
69.13,431.5,18.86,45.02,813.45,150.45,2.5,7.4,26;9;29;14;36;6,11° 1.47463' E,46° 52.01531' N,1944.3,6
70.13,396.0,18.58,44.55,813.44,153.19,2.0,4.1,26;9;29;14;37;6,11° 1.47416' E,46° 52.01529' N,1943.7,6
71.13,411.0,18.65,45.48,813.44,150.99,2.1,4.3,26;9;29;14;38;6,11° 1.47367' E,46° 52.01513' N,1945.0,6
72.13,412.0,18.73,44.43,813.44,151.81,2.1,4.0,26;9;29;14;39;6,11° 1.47343' E,46° 52.01351' N,1941.3,6
73.13,418.0,18.64,44.41,813.44,154.1,2.3,8.7,26;9;29;14;40;6,11° 1.47416' E,46° 52.01464' N,1942.0,6
74.13,416.0,18.52,45.02,813.45,154.31,2.0,5.0,26;9;29;14;41;6,11° 1.4733' E,46° 52.01492' N,1942.9,6
75.13,423.0,18.51,45.84,813.46,151.87,2.2,4.0,26;9;29;14;42;6,11° 1.47419' E,46° 52.01537' N,1944.6,6
76.13,404.0,18.39,45.08,813.46,154.24,2.0,3.7,26;9;29;14;43;6,11° 1.47427' E,46° 52.01536' N,1946.4,6
77.13,417.0,18.42,45.37,813.47,153.26,2.6,8.4,26;9;29;14;44;6,11° 1.4733' E,46° 52.01541' N,1945.2,6
78.13,413.5,18.31,46.6,813.48,152.56,2.5,5.1,26;9;29;14;45;6,11° 1.47416' E,46° 52.01583' N,1941.4,6
79.13,415.5,18.08,47.14,813.51,151.06,2.6,5.3,26;9;29;14;46;6,11° 1.47406' E,46° 52.01545' N,1942.9,6
80.13,419.0,18.22,46.13,813.5,150.78,2.3,4.1,26;9;29;14;47;15,11° 1.47453' E,46° 52.01537' N,1942.2,6
81.13,425.5,18.31,45.95,813.5,152.15,2.4,5.8,26;9;29;14;48;6,11° 1.47424' E,46° 52.01549' N,1943.05,6
82.13,429.0,18.36,45.75,813.49,152.43,2.1,4.7,26;9;29;14;49;6,11° 1.47461' E,46° 52.01519' N,1942.9,6
83.13,426.0,18.22,45.87,813.51,154.74,2.0,3.6,26;9;29;14;50;6,11° 1.47352' E,46° 52.01538' N,1945.9,6
84.13,427.0,18.02,46.21,813.52,154.24,2.0,3.8,26;9;29;14;51;6,11° 1.4733' E,46° 52.01578' N,1947.0,6
85.13,420.0,18.06,46.31,813.53,154.1,2.3,4.8,26;9;29;14;52;6,11° 1.47342' E,46° 52.01518' N,1944.9,6
86.13,412.0,18.04,46.6,813.53,154.31,2.4,8.1,26;9;29;14;53;6,11° 1.47367' E,46° 52.01518' N,1943.6,6
87.13,413.0,18.12,46.68,813.53,153.05,2.1,5.3,26;9;29;14;54;6,11° 1.47348' E,46° 52.01523' N,1944.4,6
88.13,415.0,18.15,46.39,813.54,153.82,2.2,5.2,26;9;29;14;55;6,11° 1.47349' E,46° 52.01554' N,1943.65,6
89.13,415.0,18.22,46.67,813.53,152.29,2.3,6.1,26;9;29;14;56;6,11° 1.47377' E,46° 52.01602' N,1945.7,6
90.13,418.0,18.17,46.11,813.54,153.96,2.5,5.6,26;9;29;14;57;6,11° 1.47312' E,46° 52.01517' N,1942.85,6
91.13,415.0,18.14,46.19,813.53,153.61,2.2,4.6,26;9;29;14;58;6,11° 1.47356' E,46° 52.01439' N,1942.7,6
92.13,414.0,18.36,46.68,813.53,149.58,2.1,5.3,26;9;29;14;59;6,11° 1.47365' E,46° 52.01553' N,1946.15,6
93.13,421.0,18.17,46.02,813.56,153.61,2.2,4.6,26;9;29;15;0;6,11° 1.47439' E,46° 52.01601' N,1943.3,6
94.13,417.5,18.32,45.43,813.56,153.96,2.3,4.8,26;9;29;15;1;6,11° 1.4733' E,46° 52.01483' N,1943.8,6
95.13,413.5,18.33,45.59,813.55,154.95,2.2,4.2,26;9;29;15;2;6,11° 1.47413' E,46° 52.01478' N,1942.8,6
96.13,414.0,18.46,46.04,813.56,152.77,2.1,3.7,26;9;29;15;3;6,11° 1.47369' E,46° 52.01511' N,1945.8,6
97.13,414.0,18.87,45.39,813.58,147.61,2.2,4.6,26;9;29;15;4;6,11° 1.47347' E,46° 52.0147' N,1947.9,6
98.13,414.0,19.16,45.79,813.6,143.96,2.3,7.0,26;9;29;15;5;6,11° 1.47448' E,46° 52.01583' N,1948.2,6
99.13,414.0,19.4,45.51,813.61,141.94,2.3,7.9,26;9;29;15;6;6,11° 1.47463' E,46° 52.01504' N,1948.9,6
100.13,415.0,19.1,44.73,813.6,147.22,2.0,5.1,26;9;29;15;7;6,11° 1.47438' E,46° 52.0152' N,1945.7,6
101.13,417.0,18.79,45.39,813.58,146.84,2.2,4.3,26;9;29;15;8;6,11° 1.47426' E,46° 52.01543' N,1947.6,6
102.13,416.5,18.57,45.91,813.59,146.9,2.2,3.8,26;9;29;15;9;6,11° 1.47421' E,46° 52.01547' N,1946.9,6
103.13,423.5,18.12,46.6,813.6,148.78,2.3,4.1,26;9;29;15;10;6,11° 1.47375' E,46° 52.01561' N,1946.3,6
104.13,425.0,17.9,46.52,813.61,148.52,1.9,3.6,26;9;29;15;11;6,11° 1.47353' E,46° 52.01526' N,1949.75,6
105.13,424.5,17.7,46.96,813.63,148.92,2.3,4.4,26;9;29;15;12;6,11° 1.47415' E,46° 52.0153' N,1947.0,6
106.13,424.0,17.65,46.66,813.64,147.74,2.3,4.1,26;9;29;15;13;6,11° 1.47389' E,46° 52.01522' N,1947.75,6
107.13,420.0,17.86,46.25,813.62,145.5,2.1,3.9,26;9;29;15;14;6,11° 1.47453' E,46° 52.01509' N,1946.65,6
108.13,417.0,17.98,46.22,813.64,144.81,2.2,4.1,26;9;29;15;15;6,11° 1.47343' E,46° 52.01568' N,1946.6,6
109.13,416.5,18.03,46.0,813.64,144.01,2.0,3.8,26;9;29;15;16;6,11° 1.47408' E,46° 52.01501' N,1945.35,6
110.13,417.0,17.99,45.93,813.65,144.0,2.5,8.4,26;9;29;15;17;6,11° 1.47281' E,46° 52.01448' N,1948.8,6
111.13,415.0,18.03,45.88,813.67,142.12,2.3,3.9,26;9;29;15;18;6,11° 1.47301' E,46° 52.01504' N,1945.55,6
112.13,417.0,18.06,45.85,813.67,141.7,2.2,4.3,26;9;29;15;19;6,11° 1.47403' E,46° 52.01511' N,1942.25,6
113.13,418.0,18.07,45.91,813.68,140.57,2.3,4.8,26;9;29;15;20;6,11° 1.47408' E,46° 52.01534' N,1943.8,6
114.13,420.5,18.04,45.99,813.68,140.75,2.3,4.3,26;9;29;15;21;6,11° 1.47647' E,46° 52.0154' N,1945.4,6
115.13,421.0,17.97,45.63,813.68,141.16,2.3,4.2,26;9;29;15;22;6,11° 1.47565' E,46° 52.01574' N,1946.4,6
116.13,420.0,17.86,46.26,813.68,141.76,2.5,5.8,26;9;29;15;23;6,11° 1.47502' E,46° 52.01545' N,1947.1,6
117.13,417.0,17.58,47.03,813.7,143.15,2.9,13.3,26;9;29;15;24;6,11° 1.47449' E,46° 52.01658' N,1947.2,6
118.13,418.0,17.23,47.62,813.7,143.7,2.7,8.7,26;9;29;15;25;6,11° 1.47438' E,46° 52.01513' N,1949.1,6
119.13,417.0,17.18,47.65,813.71,140.69,2.7,8.5,26;9;29;15;26;6,11° 1.47526' E,46° 52.01566' N,1947.6,6
120.13,417.0,17.2,47.69,813.72,139.58,2.2,6.5,26;9;29;15;27;6,11° 1.47518' E,46° 52.01502' N,1946.0,6
121.13,416.0,17.13,47.57,813.72,141.28,2.4,6.8,26;9;29;15;28;6,11° 1.47511' E,46° 52.01413' N,1948.8,6
122.13,417.5,17.05,47.7,813.74,140.4,2.5,7.9,26;9;29;15;29;6,11° 1.47652' E,46° 52.01534' N,1950.5,6
123.13,418.0,16.87,48.16,813.73,140.51,2.3,6.2,26;9;29;15;30;6,11° 1.47577' E,46° 52.01515' N,1944.1,6
124.13,417.0,16.87,48.03,813.74,139.06,2.3,5.5,26;9;29;15;31;6,11° 1.47509' E,46° 52.0153' N,1944.3,6
125.13,418.0,16.86,48.27,813.75,138.49,2.3,5.9,26;9;29;15;32;6,11° 1.47554' E,46° 52.01443' N,1947.05,6
126.13,419.0,16.63,48.81,813.75,139.81,2.3,4.9,26;9;29;15;33;6,11° 1.47599' E,46° 52.01523' N,1950.6,6
127.13,420.5,16.5,48.83,813.75,140.28,2.3,4.3,26;9;29;15;34;6,11° 1.47483' E,46° 52.016' N,1950.0,6
128.13,419.0,16.28,49.77,813.74,140.57,3.1,8.3,26;9;29;15;35;6,11° 1.47523' E,46° 52.01537' N,1947.95,6
129.13,418.0,16.25,49.4,813.75,138.83,3.1,12.2,26;9;29;15;36;6,11° 1.47504' E,46° 52.01488' N,1947.25,6
130.13,419.5,16.31,49.45,813.76,137.42,3.1,9.1,26;9;29;15;37;6,11° 1.47622' E,46° 52.01309' N,1952.3,6
131.13,422.0,16.33,49.32,813.77,136.36,2.9,7.1,26;9;29;15;38;6,11° 1.47396' E,46° 52.01383' N,1946.7,6
132.13,425.0,16.33,49.2,813.78,135.04,2.7,7.6,26;9;29;15;39;6,11° 1.4746' E,46° 52.01496' N,1948.95,6
133.13,425.5,16.2,50.59,813.8,135.97,2.7,5.7,26;9;29;15;40;6,11° 1.47408' E,46° 52.01794' N,1942.0,6
134.13,425.0,16.02,50.57,813.84,135.91,2.8,6.8,26;9;29;15;41;6,11° 1.47292' E,46° 52.01667' N,1939.8,6
135.13,422.5,15.96,50.84,813.85,136.52,3.0,8.4,26;9;29;15;42;6,11° 1.4743' E,46° 52.01591' N,1943.15,6
136.13,421.0,15.87,50.68,813.85,136.08,3.3,11.9,26;9;29;15;43;6,11° 1.47371' E,46° 52.01693' N,1945.7,6
137.13,420.5,15.89,50.45,813.86,135.15,3.2,11.1,26;9;29;15;44;6,11° 1.47293' E,46° 52.01614' N,1942.7,6
138.13,420.0,15.83,51.13,813.87,135.42,3.4,9.9,26;9;29;15;45;6,11° 1.47341' E,46° 52.01637' N,1940.6,6
139.13,419.5,15.64,51.38,813.88,135.42,3.3,10.9,26;9;29;15;46;6,11° 1.47224' E,46° 52.01691' N,1945.35,6
140.13,420.0,15.66,51.13,813.89,134.07,3.4,10.8,26;9;29;15;47;6,11° 1.47462' E,46° 52.01523' N,1944.0,6
141.13,420.0,15.7,50.96,813.9,132.28,3.3,8.7,26;9;29;15;48;6,11° 1.47678' E,46° 52.01706' N,1945.25,6
142.13,418.0,15.68,51.08,813.92,132.96,3.1,9.8,26;9;29;15;49;6,11° 1.46955' E,46° 52.01784' N,1935.6,6
143.13,418.0,15.61,51.85,813.94,132.33,3.0,5.9,26;9;29;15;50;6,11° 1.47492' E,46° 52.01574' N,1945.15,6
144.13,419.5,15.35,52.97,813.95,131.45,2.8,6.7,26;9;29;15;51;6,11° 1.47306' E,46° 52.01544' N,1943.3,6
145.13,420.0,15.18,53.02,813.95,130.58,2.4,5.6,26;9;29;15;52;6,11° 1.47611' E,46° 52.01613' N,1948.3,6
146.13,419.0,15.26,52.17,813.98,129.93,2.9,6.0,26;9;29;15;53;6,11° 1.47082' E,46° 52.01782' N,1951.25,6
147.13,419.5,15.35,52.1,813.99,129.43,2.9,6.4,26;9;29;15;54;6,11° 1.47415' E,46° 52.01728' N,1944.45,6
148.13,419.5,15.43,51.81,814.0,130.33,2.9,6.7,26;9;29;15;55;6,11° 1.47326' E,46° 52.01404' N,1952.2,6
149.13,419.5,15.42,51.79,814.01,130.38,3.3,8.2,26;9;29;15;56;6,11° 1.4712' E,46° 52.01344' N,1949.15,6
150.13,416.5,15.39,52.06,814.01,129.93,3.5,7.6,26;9;29;15;57;6,11° 1.47396' E,46° 52.01357' N,1948.35,6
151.13,416.0,15.36,52.33,814.02,128.19,3.3,12.2,26;9;29;15;58;6,11° 1.471' E,46° 52.01698' N,1944.85,6
152.13,416.5,15.33,52.32,814.03,127.13,3.4,7.0,26;9;29;15;59;6,11° 1.47584' E,46° 52.01493' N,1947.65,6
153.13,417.0,15.27,52.38,814.03,127.03,3.3,10.9,26;9;29;16;0;15,11° 1.46867' E,46° 52.01846' N,1945.1,6
154.13,416.0,15.17,52.75,814.03,126.7,3.4,11.0,26;9;29;16;1;6,11° 1.47123' E,46° 52.01815' N,1946.65,6
155.13,418.0,15.08,52.79,814.04,126.08,3.0,6.8,26;9;29;16;2;6,11° 1.48035' E,46° 52.00807' N,1947.6,6
156.13,419.0,14.96,52.8,814.06,126.13,2.8,6.8,26;9;29;16;3;6,11° 1.47294' E,46° 52.01593' N,1946.05,6
157.13,417.0,14.85,53.13,814.06,126.17,3.1,7.9,26;9;29;16;4;6,11° 1.47252' E,46° 52.01555' N,1948.4,6
158.13,415.0,14.78,53.68,814.08,126.7,3.4,7.5,26;9;29;16;5;15,11° 1.47387' E,46° 52.01321' N,1956.0,6
159.13,413.5,14.77,54.01,814.08,125.61,3.5,10.2,26;9;29;16;6;6,11° 1.47173' E,46° 52.01585' N,1953.15,6
160.13,412.0,14.76,54.13,814.1,125.42,3.4,7.4,26;9;29;16;7;15,11° 1.47223' E,46° 52.01663' N,1946.2,6
161.13,411.0,14.72,54.04,814.1,124.68,3.3,6.8,26;9;29;16;8;6,11° 1.47011' E,46° 52.01734' N,1944.3,6
162.13,410.0,14.69,53.73,814.11,124.4,3.0,6.7,26;9;29;16;9;15,11° 1.47239' E,46° 52.01756' N,1943.5,6
163.13,411.0,14.61,53.63,814.12,124.22,2.9,6.3,26;9;29;16;10;15,11° 1.47235' E,46° 52.01808' N,1944.5,6
164.13,411.5,14.48,54.02,814.12,124.54,3.1,8.8,26;9;29;16;11;6,11° 1.47191' E,46° 52.01748' N,1945.2,6
165.13,412.0,14.35,54.59,814.12,124.77,2.9,9.4,26;9;29;16;12;6,11° 1.47465' E,46° 52.01655' N,1946.95,6
166.13,411.0,14.21,55.39,814.12,124.81,3.4,9.9,26;9;29;16;13;15,11° 1.47334' E,46° 52.01606' N,1944.7,6
167.13,412.0,14.19,55.15,814.13,123.99,3.5,9.7,26;9;29;16;14;6,11° 1.47514' E,46° 52.01429' N,1945.0,6
168.13,411.0,14.22,55.32,814.13,123.35,3.2,6.0,26;9;29;16;15;6,11° 1.47306' E,46° 52.01506' N,1945.6,6
169.13,409.0,14.22,54.94,814.13,122.76,3.4,7.4,26;9;29;16;16;15,11° 1.47366' E,46° 52.01743' N,1948.45,6
170.13,410.0,14.17,54.86,814.14,123.58,3.1,6.2,26;9;29;16;17;15,11° 1.4759' E,46° 52.01722' N,1935.4,6
171.13,410.5,14.02,55.45,814.17,123.71,2.9,8.7,26;9;29;16;18;15,11° 1.47466' E,46° 52.01532' N,1942.6,6
172.13,411.0,13.95,55.56,814.18,122.85,3.1,8.3,26;9;29;16;19;6,11° 1.47503' E,46° 52.01704' N,1944.75,6
173.13,410.0,13.91,55.57,814.19,122.5,3.2,9.1,26;9;29;16;20;15,11° 1.47301' E,46° 52.01695' N,1943.0,6
174.13,410.0,13.84,55.75,814.2,122.27,3.2,9.7,26;9;29;16;21;6,11° 1.47463' E,46° 52.01554' N,1942.25,6
175.13,410.0,13.73,56.23,814.21,121.52,2.8,6.2,26;9;29;16;22;15,11° 1.47458' E,46° 52.0133' N,1941.65,6
176.13,410.0,13.46,58.61,814.23,122.32,3.0,8.3,26;9;29;16;23;15,11° 1.47696' E,46° 52.00893' N,1938.3,6
177.13,410.0,13.29,58.32,814.24,121.39,3.2,8.2,26;9;29;16;24;15,11° 1.47629' E,46° 52.01364' N,1944.5,6
178.13,410.0,13.27,58.13,814.26,121.04,4.0,15.3,26;9;29;16;25;15,11° 1.47465' E,46° 52.01564' N,1945.75,6
179.13,411.0,13.27,58.13,814.27,120.65,3.5,9.7,26;9;29;16;26;15,11° 1.47391' E,46° 52.01605' N,1946.75,6
180.13,411.5,13.3,58.21,814.28,120.61,3.5,12.0,26;9;29;16;27;15,11° 1.47424' E,46° 52.01543' N,1944.6,6
181.13,411.5,13.36,57.92,814.29,120.35,4.0,13.6,26;9;29;16;28;15,11° 1.47511' E,46° 52.01587' N,1946.65,6
182.13,409.0,13.39,57.68,814.3,119.79,3.4,10.0,26;9;29;16;29;15,11° 1.47444' E,46° 52.01714' N,1947.4,6
183.13,408.5,13.38,57.4,814.31,119.24,3.6,11.4,26;9;29;16;30;15,11° 1.47557' E,46° 52.0158' N,1946.55,6
184.13,409.0,13.34,57.42,814.32,119.2,3.6,10.2,26;9;29;16;31;15,11° 1.47399' E,46° 52.01317' N,1950.4,6
185.13,411.0,13.27,57.33,814.32,118.65,3.4,11.1,26;9;29;16;32;15,11° 1.47256' E,46° 52.01401' N,1946.15,6
186.13,411.0,13.16,57.65,814.32,118.9,3.3,9.7,26;9;29;16;33;6,11° 1.47378' E,46° 52.01537' N,1950.55,6
187.13,410.0,13.09,57.68,814.34,119.66,3.0,6.9,26;9;29;16;34;6,11° 1.47383' E,46° 52.019' N,1944.2,6
188.13,408.5,13.06,57.54,814.35,119.49,3.2,8.6,26;9;29;16;35;6,11° 1.4751' E,46° 52.0155' N,1944.5,6
189.13,408.0,13.05,57.85,814.35,119.32,3.3,7.0,26;9;29;16;36;6,11° 1.4754' E,46° 52.01721' N,1945.8,6
190.13,409.0,13.03,57.84,814.36,118.86,3.7,11.6,26;9;29;16;37;6,11° 1.47305' E,46° 52.01367' N,1946.4,6
191.13,409.0,12.94,58.04,814.37,118.73,3.4,10.7,26;9;29;16;38;15,11° 1.47354' E,46° 52.01275' N,1941.65,6
192.13,410.0,12.83,58.67,814.37,118.9,3.3,8.3,26;9;29;16;39;15,11° 1.47422' E,46° 52.01425' N,1944.15,6
193.13,410.0,12.73,58.4,814.38,118.4,3.3,10.4,26;9;29;16;40;6,11° 1.47347' E,46° 52.01843' N,1951.5,6
194.13,410.0,12.73,58.32,814.39,118.23,3.2,8.7,26;9;29;16;41;6,11° 1.47332' E,46° 52.01755' N,1952.55,6
195.13,410.5,12.76,58.81,814.4,118.19,3.3,7.3,26;9;29;16;42;15,11° 1.47384' E,46° 52.01457' N,1959.5,6
196.13,411.5,12.76,58.85,814.41,118.15,3.5,7.9,26;9;29;16;43;15,11° 1.47592' E,46° 52.02269' N,1962.25,6
197.13,411.0,12.73,59.04,814.42,118.07,3.3,8.3,26;9;29;16;44;15,11° 1.47332' E,46° 52.01678' N,1959.45,6
198.13,411.0,12.75,59.29,814.43,117.69,4.2,10.1,26;9;29;16;45;6,11° 1.46989' E,46° 52.00846' N,1944.25,6
199.13,411.0,12.77,59.52,814.44,117.45,3.7,9.7,26;9;29;16;46;15,11° 1.46956' E,46° 52.01076' N,1934.3,6
200.13,411.0,12.77,59.47,814.45,116.84,3.9,12.1,26;9;29;16;47;15,11° 1.47219' E,46° 52.01556' N,1948.2,6
201.13,412.0,12.76,59.57,814.45,116.71,3.4,10.2,26;9;29;16;48;15,11° 1.47338' E,46° 52.01804' N,1955.5,6
202.13,413.0,12.74,59.79,814.46,116.59,4.1,14.2,26;9;29;16;49;15,11° 1.47344' E,46° 52.02045' N,1952.6,6
203.13,412.0,12.73,59.94,814.46,116.27,3.7,10.3,26;9;29;16;50;15,11° 1.4739' E,46° 52.01481' N,1955.3,6
204.13,411.0,12.72,59.99,814.47,116.35,3.8,14.6,26;9;29;16;51;15,11° 1.47453' E,46° 52.01641' N,1946.15,6
205.13,410.0,12.7,60.14,814.48,115.75,4.1,10.5,26;9;29;16;52;15,11° 1.47515' E,46° 52.01673' N,1948.2,6
206.13,410.0,12.67,60.07,814.47,115.71,4.1,12.3,26;9;29;16;53;15,11° 1.47638' E,46° 52.01932' N,1949.65,6
207.13,411.0,12.46,60.55,814.47,116.51,3.3,6.2,26;9;29;16;54;15,11° 1.47328' E,46° 52.01565' N,1947.65,6
208.13,412.5,12.29,60.83,814.48,115.19,3.5,8.4,26;9;29;16;55;15,11° 1.47261' E,46° 52.01507' N,1945.1,6
209.13,414.5,12.29,60.15,814.48,114.96,3.3,6.2,26;9;29;16;56;15,11° 1.47131' E,46° 52.01518' N,1947.45,6
210.13,416.0,12.27,60.41,814.48,115.15,3.4,6.0,26;9;29;16;57;15,11° 1.47073' E,46° 52.01512' N,1951.85,6
211.13,415.0,12.2,61.06,814.49,115.91,3.65,7.55,26;9;29;16;58;15,11° 1.47341' E,46° 52.015' N,1946.9,6
212.13,414.5,12.15,61.45,814.48,116.03,3.55,7.25,26;9;29;16;59;15,11° 1.47573' E,46° 52.01688' N,1944.25,6
213.13,414.0,12.08,61.27,814.49,115.83,3.5,7.9,26;9;29;17;0;15,11° 1.47393' E,46° 52.01519' N,1945.85,6
214.13,414.5,12.03,61.08,814.49,115.39,3.35,8.0,26;9;29;17;1;15,11° 1.47292' E,46° 52.01397' N,1945.95,6
215.13,414.5,11.95,61.15,814.48,115.87,3.1,6.25,26;9;29;17;2;15,11° 1.47358' E,46° 52.01297' N,1942.5,6
216.13,414.0,11.81,61.33,814.5,116.59,2.9,5.7,26;9;29;17;3;15,11° 1.47426' E,46° 52.01298' N,1939.85,6
217.13,413.5,11.69,61.98,814.51,116.75,2.7,5.65,26;9;29;17;4;15,11° 1.47522' E,46° 52.01413' N,1941.9,6
218.13,412.0,11.47,63.67,814.52,116.84,3.8,7.45,26;9;29;17;5;15,11° 1.47448' E,46° 52.01356' N,1936.4,6
219.13,413.0,11.56,62.26,814.5,114.37,4.55,8.6,26;9;29;17;6;15,11° 1.47468' E,46° 52.01394' N,1939.7,6
220.13,414.0,11.76,61.37,814.5,113.79,4.1,7.45,26;9;29;17;7;15,11° 1.47478' E,46° 52.01574' N,1941.8,6
221.13,414.0,11.87,60.99,814.48,114.41,3.4,6.2,26;9;29;17;8;15,11° 1.47445' E,46° 52.01482' N,1943.5,6
222.13,414.0,11.89,60.71,814.48,114.02,2.95,6.25,26;9;29;17;9;15,11° 1.47293' E,46° 52.01556' N,1944.05,6
223.13,415.0,11.85,60.72,814.49,114.64,2.85,5.6,26;9;29;17;10;15,11° 1.47456' E,46° 52.01465' N,1943.65,6
224.13,415.5,11.75,60.96,814.48,115.15,2.8,4.95,26;9;29;17;11;15,11° 1.47338' E,46° 52.013' N,1938.5,6
225.13,415.5,11.58,62.0,814.49,115.75,2.95,6.25,26;9;29;17;12;15,11° 1.4743' E,46° 52.01279' N,1938.35,6
226.13,416.0,11.54,61.48,814.5,114.96,2.9,6.2,26;9;29;17;13;15,11° 1.47318' E,46° 52.01525' N,1942.5,6
227.13,416.0,11.47,61.37,814.5,114.84,2.65,4.8,26;9;29;17;14;15,11° 1.47163' E,46° 52.01407' N,1943.25,6
228.13,416.0,11.41,61.37,814.51,115.55,2.5,4.75,26;9;29;17;15;15,11° 1.47687' E,46° 52.01815' N,1942.1,6
229.13,415.0,11.47,61.33,814.52,115.0,2.75,5.15,26;9;29;17;16;15,11° 1.47592' E,46° 52.01664' N,1940.55,6
230.13,413.5,11.47,61.13,814.52,115.39,2.7,4.7,26;9;29;17;17;15,11° 1.47137' E,46° 52.01325' N,1943.35,6
231.13,412.0,11.44,61.18,814.53,115.59,2.6,5.05,26;9;29;17;18;15,11° 1.47463' E,46° 52.01459' N,1942.95,6
232.13,411.0,11.42,61.36,814.53,115.55,2.8,5.8,26;9;29;17;19;15,11° 1.47123' E,46° 52.01392' N,1942.7,6
233.13,411.5,11.4,61.51,814.53,115.59,2.65,5.25,26;9;29;17;20;15,11° 1.47276' E,46° 52.01236' N,1943.4,6
234.13,412.0,11.37,61.59,814.54,115.79,2.6,5.25,26;9;29;17;21;15,11° 1.47332' E,46° 52.0145' N,1941.8,6
235.13,411.0,11.36,61.53,814.55,115.47,2.75,5.6,26;9;29;17;22;15,11° 1.47658' E,46° 52.01793' N,1941.15,6
236.13,412.0,11.21,62.48,814.57,116.27,3.15,6.2,26;9;29;17;23;15,11° 1.47377' E,46° 52.0175' N,1937.5,6
237.13,416.0,11.14,62.02,814.57,115.67,3.3,6.5,26;9;29;17;24;15,11° 1.47226' E,46° 52.01426' N,1943.4,6
238.13,417.5,11.18,61.71,814.58,115.39,2.75,6.1,26;9;29;17;25;15,11° 1.47308' E,46° 52.01507' N,1945.7,6
239.13,417.0,11.12,62.2,814.58,115.75,2.5,5.55,26;9;29;17;26;15,11° 1.47221' E,46° 52.01414' N,1944.6,6
240.13,416.0,11.0,62.88,814.58,116.11,2.7,4.95,26;9;29;17;27;15,11° 1.47369' E,46° 52.01679' N,1939.8,6
241.13,414.0,10.8,63.91,814.61,116.35,2.65,5.4,26;9;29;17;28;15,11° 1.47403' E,46° 52.01553' N,1942.45,6
242.13,411.0,10.73,64.09,814.61,116.71,2.45,4.95,26;9;29;17;29;15,11° 1.47379' E,46° 52.01648' N,1943.5,6
243.13,411.0,10.73,63.26,814.62,115.59,2.6,5.25,26;9;29;17;30;15,11° 1.4736' E,46° 52.01499' N,1943.25,6
244.13,410.0,10.8,62.9,814.61,114.96,2.7,6.6,26;9;29;17;31;15,11° 1.47259' E,46° 52.01413' N,1942.95,6
245.13,410.0,10.87,62.71,814.61,114.64,2.55,5.95,26;9;29;17;32;15,11° 1.47394' E,46° 52.01473' N,1943.6,6
246.13,411.0,10.95,62.55,814.62,114.49,2.5,4.7,26;9;29;17;33;15,11° 1.47308' E,46° 52.0121' N,1946.15,6
247.13,412.0,10.98,62.33,814.63,114.1,2.55,4.8,26;9;29;17;34;15,11° 1.47353' E,46° 52.01451' N,1943.6,6
248.13,412.5,10.95,62.16,814.63,113.98,2.5,4.7,26;9;29;17;35;15,11° 1.47467' E,46° 52.01389' N,1941.0,6
249.13,413.0,10.87,62.15,814.64,113.71,2.3,4.25,26;9;29;17;36;15,11° 1.47519' E,46° 52.01486' N,1942.95,6
250.13,413.0,10.85,62.21,814.65,113.41,2.5,5.25,26;9;29;17;37;15,11° 1.47451' E,46° 52.01571' N,1942.25,6
251.13,412.0,10.81,62.33,814.65,114.14,2.65,5.25,26;9;29;17;38;15,11° 1.47451' E,46° 52.01607' N,1944.7,6
252.13,412.5,10.81,62.25,814.65,114.14,2.7,4.85,26;9;29;17;39;15,11° 1.47397' E,46° 52.01594' N,1945.35,6
253.13,412.5,10.8,62.06,814.65,113.75,2.7,5.5,26;9;29;17;40;15,11° 1.47565' E,46° 52.01315' N,1943.95,6
254.13,414.5,10.77,62.05,814.65,114.33,2.45,5.0,26;9;29;17;41;15,11° 1.47394' E,46° 52.01481' N,1944.6,6
255.13,414.5,10.74,62.03,814.66,114.37,2.4,5.2,26;9;29;17;42;15,11° 1.47435' E,46° 52.01658' N,1945.5,6
256.13,412.0,10.65,62.26,814.65,114.64,2.5,4.8,26;9;29;17;43;15,11° 1.4739' E,46° 52.01701' N,1946.65,6
257.13,412.0,10.56,62.96,814.67,115.15,2.4,5.4,26;9;29;17;44;15,11° 1.47495' E,46° 52.01587' N,1942.75,6
258.13,410.5,10.39,64.01,814.67,115.12,2.6,4.8,26;9;29;17;45;15,11° 1.47384' E,46° 52.01346' N,1944.95,6
259.13,409.0,10.33,64.06,814.68,115.23,2.6,5.3,26;9;29;17;46;15,11° 1.47321' E,46° 52.01636' N,1948.55,6
260.13,409.0,10.36,63.63,814.68,114.37,2.4,4.8,26;9;29;17;47;15,11° 1.47612' E,46° 52.01255' N,1944.7,6
261.13,409.0,10.37,63.37,814.7,114.18,2.3,5.0,26;9;29;17;48;15,11° 1.47354' E,46° 52.01427' N,1947.9,6
262.13,409.0,10.32,63.28,814.7,114.14,2.2,4.1,26;9;29;17;49;15,11° 1.47505' E,46° 52.01345' N,1943.75,6
263.13,408.0,10.27,63.7,814.7,113.79,2.2,4.0,26;9;29;17;50;15,11° 1.4746' E,46° 52.01226' N,1946.95,6
264.13,408.5,10.19,63.66,814.71,113.75,2.2,4.7,26;9;29;17;51;15,11° 1.47467' E,46° 52.0126' N,1949.35,6
265.13,410.0,10.19,63.37,814.72,113.25,2.6,4.6,26;9;29;17;52;15,11° 1.47496' E,46° 52.01331' N,1946.45,6
266.13,410.0,10.29,63.37,814.72,112.95,2.8,7.8,26;9;29;17;53;15,11° 1.4758' E,46° 52.015' N,1945.1,6
267.13,410.5,10.38,63.3,814.72,113.33,2.7,6.9,26;9;29;17;54;15,11° 1.47523' E,46° 52.01404' N,1945.15,6
268.13,409.0,10.43,63.04,814.72,113.64,2.7,6.2,26;9;29;17;55;15,11° 1.4751' E,46° 52.01389' N,1944.05,6
269.13,409.0,10.39,62.82,814.73,112.57,2.2,5.4,26;9;29;17;56;15,11° 1.47456' E,46° 52.01636' N,1947.55,6
270.13,409.0,10.23,64.01,814.73,114.96,2.3,7.6,26;9;29;17;57;15,11° 1.47493' E,46° 52.01577' N,1946.2,6
271.13,408.0,9.91,65.5,814.75,115.51,2.2,4.7,26;9;29;17;58;15,11° 1.47336' E,46° 52.01716' N,1940.75,6
272.13,409.0,9.95,64.6,814.75,113.25,2.5,4.9,26;9;29;17;59;15,11° 1.47546' E,46° 52.01579' N,1944.25,6
273.13,409.0,10.04,63.87,814.75,111.67,2.4,5.0,26;9;29;18;0;15,11° 1.47299' E,46° 52.01705' N,1944.3,6
274.13,409.0,10.03,63.64,814.76,111.53,2.3,4.6,26;9;29;18;1;15,11° 1.474' E,46° 52.0127' N,1942.8,6
275.13,410.0,10.08,63.81,814.76,112.08,2.5,4.7,26;9;29;18;2;15,11° 1.47393' E,46° 52.01526' N,1947.1,6
276.13,410.0,10.05,64.06,814.75,112.23,2.5,5.2,26;9;29;18;3;15,11° 1.47453' E,46° 52.0141' N,1947.85,6
277.13,410.0,9.88,65.72,814.77,113.75,2.3,4.8,26;9;29;18;4;15,11° 1.47408' E,46° 52.01813' N,1944.3,6
278.13,408.5,9.79,65.29,814.79,112.61,2.1,4.4,26;9;29;18;5;15,11° 1.47395' E,46° 52.01436' N,1941.75,6
279.13,408.0,9.84,64.07,814.77,110.46,2.4,4.2,26;9;29;18;6;15,11° 1.47356' E,46° 52.01308' N,1955.45,6
280.13,408.0,9.83,64.26,814.78,111.34,2.4,4.6,26;9;29;18;7;15,11° 1.47288' E,46° 52.01519' N,1953.8,6
281.13,408.0,9.84,64.13,814.77,111.56,2.3,4.5,26;9;29;18;8;15,11° 1.47331' E,46° 52.01627' N,1942.8,6
282.13,408.0,9.85,64.19,814.77,111.93,5.5,7.6,26;9;29;18;9;15,11° 1.47358' E,46° 52.01632' N,1942.3,6
283.13,409.0,9.9,63.95,814.77,111.38,3.7,5.8,26;9;29;18;10;15,11° 1.47405' E,46° 52.01675' N,1944.35,6
284.13,409.0,9.92,63.88,814.76,111.42,2.4,4.5,26;9;29;18;11;15,11° 1.47341' E,46° 52.01379' N,1944.65,6
285.13,407.0,9.83,64.93,814.77,113.22,2.5,4.8,26;9;29;18;12;15,11° 1.47401' E,46° 52.0155' N,1943.9,6
286.13,405.0,9.63,66.32,814.79,114.92,2.2,4.5,26;9;29;18;13;15,11° 1.47437' E,46° 52.0156' N,1944.25,6
287.13,404.0,9.58,66.39,814.79,115.08,2.5,4.8,26;9;29;18;14;15,11° 1.47354' E,46° 52.01473' N,1943.65,6
288.13,404.0,9.62,66.06,814.79,114.88,2.3,6.0,26;9;29;18;15;15,11° 1.47367' E,46° 52.01426' N,1943.35,6
289.13,404.5,9.69,65.35,814.8,113.14,2.3,5.0,26;9;29;18;16;15,11° 1.4735' E,46° 52.0161' N,1943.95,6
290.13,405.5,9.77,64.83,814.78,111.82,2.7,9.2,26;9;29;18;17;15,11° 1.47357' E,46° 52.01519' N,1941.2,6
291.13,405.0,9.73,64.83,814.8,111.79,2.6,6.5,26;9;29;18;18;15,11° 1.47458' E,46° 52.0164' N,1941.2,6
292.13,405.0,9.68,65.12,814.81,111.53,2.4,6.0,26;9;29;18;19;15,11° 1.47434' E,46° 52.0157' N,1941.8,6
293.13,405.0,9.64,64.99,814.8,110.79,2.6,5.0,26;9;29;18;20;15,11° 1.47381' E,46° 52.01584' N,1942.4,6
294.13,406.0,9.6,65.51,814.81,110.57,2.9,6.2,26;9;29;18;21;15,11° 1.47664' E,46° 52.01555' N,1942.4,6
295.13,407.0,9.59,65.19,814.81,110.68,3.5,6.6,26;9;29;18;22;15,11° 1.47537' E,46° 52.01567' N,1941.65,6
296.13,408.0,9.55,65.4,814.8,111.19,3.6,6.1,26;9;29;18;23;15,11° 1.47471' E,46° 52.01547' N,1941.65,6
297.13,408.0,9.63,64.86,814.81,110.17,3.0,6.1,26;9;29;18;24;15,11° 1.47534' E,46° 52.01573' N,1946.5,6
298.13,408.0,9.7,64.33,814.81,108.54,2.4,4.5,26;9;29;18;25;15,11° 1.47386' E,46° 52.01569' N,1945.3,6
299.13,408.5,9.72,64.31,814.8,108.71,2.2,4.4,26;9;29;18;26;15,11° 1.47396' E,46° 52.01543' N,1942.0,6
300.13,410.0,9.7,64.47,814.8,109.49,2.1,4.7,26;9;29;18;27;15,11° 1.47438' E,46° 52.01515' N,1942.4,6
301.13,410.0,9.55,65.42,814.81,111.12,2.5,4.8,26;9;29;18;28;15,11° 1.47398' E,46° 52.01535' N,1942.1,6
302.13,407.0,9.58,65.0,814.82,110.32,3.5,9.0,26;9;29;18;29;15,11° 1.47495' E,46° 52.01629' N,1942.65,6
303.13,406.0,9.69,64.67,814.83,109.39,2.5,5.9,26;9;29;18;30;15,11° 1.4739' E,46° 52.01571' N,1943.6,6
304.13,406.5,9.72,64.43,814.84,109.1,2.2,4.2,26;9;29;18;31;15,11° 1.47348' E,46° 52.01538' N,1943.9,6
305.13,406.0,9.74,64.48,814.85,109.49,2.3,4.8,26;9;29;18;32;15,11° 1.47356' E,46° 52.0158' N,1943.7,6
306.13,406.0,9.72,64.32,814.85,109.42,2.3,5.3,26;9;29;18;33;15,11° 1.47367' E,46° 52.01511' N,1941.45,6
307.13,406.0,9.64,64.63,814.86,110.25,2.2,4.5,26;9;29;18;34;15,11° 1.47384' E,46° 52.01517' N,1945.5,6
308.13,406.0,9.54,65.13,814.86,111.53,2.2,4.0,26;9;29;18;35;6,11° 1.47385' E,46° 52.0158' N,1946.45,6
309.13,406.0,9.52,65.11,814.87,110.75,2.3,5.6,26;9;29;18;36;6,11° 1.47327' E,46° 52.01545' N,1944.55,6
310.13,406.0,9.6,64.62,814.88,109.85,2.4,6.0,26;9;29;18;37;15,11° 1.47345' E,46° 52.01566' N,1945.25,6
311.13,404.0,9.62,64.53,814.89,109.49,2.1,4.3,26;9;29;18;38;15,11° 1.47344' E,46° 52.01613' N,1943.85,6
312.13,405.0,9.57,64.51,814.9,110.25,2.1,4.8,26;9;29;18;39;15,11° 1.4733' E,46° 52.01546' N,1942.2,6
313.13,406.0,9.47,65.03,814.91,110.94,2.0,3.7,26;9;29;18;40;6,11° 1.47383' E,46° 52.017' N,1943.4,6
314.13,406.0,9.37,65.28,814.91,111.64,1.8,3.4,26;9;29;18;41;6,11° 1.47451' E,46° 52.01497' N,1938.9,6
315.13,405.0,9.38,64.97,814.92,110.68,1.8,3.8,26;9;29;18;42;6,11° 1.47478' E,46° 52.01541' N,1944.7,6
316.13,407.0,9.45,64.77,814.92,110.32,2.1,4.9,26;9;29;18;43;6,11° 1.47453' E,46° 52.01535' N,1946.2,6
317.13,406.0,9.52,64.38,814.92,110.17,1.9,3.6,26;9;29;18;44;6,11° 1.47425' E,46° 52.01608' N,1942.0,6
318.13,404.0,9.56,64.36,814.93,111.56,2.2,4.7,26;9;29;18;45;6,11° 1.47433' E,46° 52.01672' N,1943.35,6
319.13,405.0,9.59,64.38,814.93,111.16,1.9,5.0,26;9;29;18;46;6,11° 1.47345' E,46° 52.01584' N,1943.85,6
320.13,405.0,9.64,64.21,814.93,111.12,2.2,4.5,26;9;29;18;47;6,11° 1.47461' E,46° 52.01573' N,1944.95,6
321.13,405.0,9.66,64.14,814.92,110.39,2.0,4.2,26;9;29;18;48;6,11° 1.47542' E,46° 52.01701' N,1951.35,6
322.13,405.0,9.62,64.18,814.91,110.61,2.3,4.4,26;9;29;18;49;15,11° 1.47445' E,46° 52.01618' N,1950.95,6
323.13,405.0,9.59,64.1,814.91,110.61,2.0,4.1,26;9;29;18;50;15,11° 1.47391' E,46° 52.01601' N,1948.85,6
324.13,405.0,9.54,64.07,814.91,110.18,1.9,3.9,26;9;29;18;51;6,11° 1.47462' E,46° 52.017' N,1949.9,6
325.13,404.0,9.48,64.18,814.91,109.96,1.9,3.5,26;9;29;18;52;6,11° 1.47302' E,46° 52.01714' N,1944.05,6
326.13,406.0,9.44,64.24,814.91,109.6,2.2,4.0,26;9;29;18;53;15,11° 1.47223' E,46° 52.01783' N,1945.3,6
327.13,407.0,9.44,64.33,814.91,109.42,2.1,3.9,26;9;29;18;54;6,11° 1.4723' E,46° 52.01653' N,1942.85,6
328.13,407.0,9.38,64.4,814.93,109.85,1.9,3.9,26;9;29;18;55;15,11° 1.47283' E,46° 52.01634' N,1947.25,6
329.13,407.0,9.36,64.58,814.92,109.92,2.0,3.6,26;9;29;18;56;15,11° 1.47484' E,46° 52.01527' N,1944.7,6
330.13,407.0,9.38,64.58,814.92,111.19,1.9,5.4,26;9;29;18;57;15,11° 1.47067' E,46° 52.01565' N,1943.0,6
331.13,405.0,9.33,64.55,814.92,111.9,1.6,3.6,26;9;29;18;58;6,11° 1.4701' E,46° 52.01749' N,1945.35,6
332.13,404.0,9.36,64.48,814.92,110.61,2.1,4.7,26;9;29;18;59;15,11° 1.46991' E,46° 52.01661' N,1945.35,6
333.13,404.0,9.38,64.5,814.93,110.32,1.9,4.2,26;9;29;19;0;6,11° 1.47237' E,46° 52.01555' N,1949.15,6
334.13,404.0,9.43,64.38,814.94,110.36,1.9,3.3,26;9;29;19;1;15,11° 1.47415' E,46° 52.01605' N,1942.25,6
335.13,404.5,9.35,64.69,814.96,110.94,2.3,4.9,26;9;29;19;2;6,11° 1.47303' E,46° 52.01632' N,1943.45,6
336.13,406.0,9.3,64.36,814.97,109.56,1.8,3.9,26;9;29;19;3;15,11° 1.47395' E,46° 52.01367' N,1949.2,6
337.13,407.0,9.25,64.48,814.97,109.89,1.7,4.1,26;9;29;19;4;15,11° 1.47207' E,46° 52.0164' N,1947.55,6
338.13,407.0,9.17,65.14,814.97,110.25,1.7,3.8,26;9;29;19;5;6,11° 1.47128' E,46° 52.0172' N,1949.4,6
339.13,406.5,9.02,65.88,814.97,112.2,1.8,4.0,26;9;29;19;6;15,11° 1.47339' E,46° 52.01564' N,1947.35,6
340.13,405.5,9.01,65.37,814.97,111.56,1.9,4.0,26;9;29;19;7;15,11° 1.47271' E,46° 52.01598' N,1945.4,6
341.13,406.5,9.05,65.12,814.98,110.72,2.1,3.7,26;9;29;19;8;15,11° 1.47293' E,46° 52.01681' N,1942.7,6
342.13,406.0,9.08,64.81,814.98,109.6,1.8,3.5,26;9;29;19;9;15,11° 1.47313' E,46° 52.01443' N,1945.5,6
343.13,406.5,9.12,64.88,814.99,109.63,1.7,4.3,26;9;29;19;10;15,11° 1.47338' E,46° 52.01374' N,1943.55,6
344.13,405.5,9.04,65.55,814.98,111.9,1.5,3.8,26;9;29;19;11;15,11° 1.47453' E,46° 52.01515' N,1947.15,6
345.13,407.0,8.86,66.19,814.99,113.1,1.6,3.5,26;9;29;19;12;15,11° 1.47562' E,46° 52.01549' N,1941.65,6
346.13,407.0,8.89,65.62,814.99,111.05,1.6,3.6,26;9;29;19;13;15,11° 1.47323' E,46° 52.01638' N,1947.8,6
347.13,408.0,8.92,65.29,814.99,110.46,1.9,3.6,26;9;29;19;14;6,11° 1.47461' E,46° 52.01611' N,1947.9,6
348.13,408.0,8.86,65.59,814.99,111.53,1.7,3.4,26;9;29;19;15;6,11° 1.47384' E,46° 52.01731' N,1948.3,6
349.13,405.5,8.85,64.99,814.99,109.38,1.8,3.7,26;9;29;19;16;6,11° 1.47387' E,46° 52.01692' N,1946.35,6
350.13,405.0,8.84,64.86,814.99,108.61,1.6,3.5,26;9;29;19;17;15,11° 1.47373' E,46° 52.01539' N,1949.0,6
351.13,405.0,8.82,64.87,815.0,108.26,1.7,3.5,26;9;29;19;18;6,11° 1.47372' E,46° 52.01647' N,1947.15,6
352.13,405.0,8.82,64.99,815.0,108.57,1.7,3.6,26;9;29;19;19;6,11° 1.47416' E,46° 52.01818' N,1949.05,6
353.13,406.0,8.87,65.02,815.0,109.28,1.8,3.6,26;9;29;19;20;15,11° 1.47339' E,46° 52.01769' N,1948.6,6
354.13,403.5,8.95,65.16,815.01,109.17,1.7,3.6,26;9;29;19;21;6,11° 1.47351' E,46° 52.01645' N,1942.5,6
355.13,402.5,8.93,64.91,815.03,108.86,1.9,4.3,26;9;29;19;22;15,11° 1.47332' E,46° 52.01681' N,1943.8,6
356.13,404.0,8.85,64.92,815.03,108.61,1.6,3.3,26;9;29;19;23;15,11° 1.47431' E,46° 52.01716' N,1945.2,6
357.13,405.0,8.74,65.41,815.04,109.92,1.6,3.1,26;9;29;19;24;15,11° 1.47411' E,46° 52.01914' N,1952.5,6
358.13,405.0,8.67,65.29,815.04,109.14,1.8,3.9,26;9;29;19;25;15,11° 1.4743' E,46° 52.01752' N,1951.4,6
359.13,405.0,8.65,65.33,815.04,108.75,1.7,4.1,26;9;29;19;26;6,11° 1.47354' E,46° 52.01694' N,1949.1,6
360.13,405.0,8.68,65.44,815.04,109.28,1.7,4.1,26;9;29;19;27;6,11° 1.47342' E,46° 52.016' N,1947.0,6
361.13,405.0,8.74,65.43,815.06,108.85,1.9,3.6,26;9;29;19;28;15,11° 1.47463' E,46° 52.01694' N,1949.4,6
362.13,404.0,8.72,65.19,815.07,108.68,2.0,3.8,26;9;29;19;29;15,11° 1.474' E,46° 52.01704' N,1945.75,6
363.13,404.5,8.66,65.27,815.07,108.96,1.9,3.4,26;9;29;19;30;15,11° 1.47476' E,46° 52.01702' N,1944.2,6
Tijd,CO2,TempBME,RHBME,Press,Rvoc,PM2.5,PM10,TijdGPS,LengteGr,BreedteGr,Hoogte,Sensornummer

