Tijd,CO2,TempBME,RHBME,Press,Rvoc,PM2.5,PM10,TijdGPS,LengteGr,BreedteGr,Hoogte,Sensornummer
1.13,2000.5,25.07,51.08,953.01,33.95,0,0,2026-09-28T17:55,11° 50.71155' E,47° 20.55509' N,605.2,5
Tijd,CO2,TempBME,RHBME,Press,Rvoc,PM2.5,PM10,TijdGPS,LengteGr,BreedteGr,Hoogte,Sensornummer
Tijd,CO2,TempBME,RHBME,Press,Rvoc,PM2.5,PM10,TijdGPS,LengteGr,BreedteGr,Hoogte,Sensornummer
Tijd,CO2,TempBME,RHBME,Press,Rvoc,PM2.5,PM10,TijdGPS,LengteGr,BreedteGr,Hoogte,Sensornummer
Tijd,CO2,TempBME,RHBME,Press,Rvoc,PM2.5,PM10,TijdGPS,LengteGr,BreedteGr,Hoogte,Sensornummer
Tijd,CO2,TempBME,RHBME,Press,Rvoc,PM2.5,PM10,TijdGPS,LengteGr,BreedteGr,Hoogte,Sensornummer
1.12,781.5,20.8,46.2,892.78,17.86,4.7,16.75,2026-09-29T08:00,0,0,0,5
Tijd,CO2,TempBME,RHBME,Press,Rvoc,PM2.5,PM10,TijdGPS,LengteGr,BreedteGr,Hoogte,Sensornummer
1.12,553.5,17.04,45.48,893.0,52.9,3.0,17.8,2026-09-29T08:02,10° 58.07308' E,47° 3.90476' N,1183.2,5
2.12,715.5,15.03,48.43,893.05,77.06,6.35,34.75,2026-09-29T08:03,10° 58.0726' E,47° 3.90541' N,1184.2,5
3.12,762.5,13.84,50.23,893.08,98.03,6.65,33.9,2026-09-29T08:04,10° 58.07082' E,47° 3.90747' N,1185.75,5
4.12,776.0,12.35,55.64,893.13,112.47,7.0,38.8,2026-09-29T08:05,10° 58.07278' E,47° 3.90729' N,1186.45,5
5.12,774.5,11.29,59.54,893.17,123.71,6.4,37.0,2026-09-29T08:06,10° 58.07443' E,47° 3.90491' N,1180.55,5
6.12,766.0,10.92,59.82,893.18,134.11,5.75,30.1,2026-09-29T08:07,10° 58.07345' E,47° 3.90526' N,1176.05,5
7.12,755.0,10.73,60.43,893.17,143.41,5.55,26.0,2026-09-29T08:08,10° 58.07313' E,47° 3.90462' N,1178.7,5
8.12,750.0,10.65,60.9,893.17,150.9,5.2,23.4,2026-09-29T08:09,10° 58.07318' E,47° 3.90481' N,1178.35,5
9.12,746.5,10.51,61.87,893.17,156.69,5.65,26.1,2026-09-29T08:10,10° 58.0734' E,47° 3.90573' N,1175.2,5
10.12,748.0,10.14,63.36,893.17,159.52,6.0,33.05,2026-09-29T08:11,10° 58.07288' E,47° 3.90563' N,1172.8,5
11.12,749.0,9.94,64.14,893.17,163.5,5.7,31.8,2026-09-29T08:12,10° 58.07396' E,47° 3.90572' N,1174.8,5
12.12,749.0,10.08,62.86,893.16,169.79,5.3,22.5,2026-09-29T08:13,10° 58.07379' E,47° 3.90345' N,1178.9,5
13.12,747.5,9.83,64.73,893.17,171.62,5.4,21.6,2026-09-29T08:14,10° 58.0738' E,47° 3.905' N,1182.85,5
14.12,746.0,9.57,65.51,893.17,173.76,5.1,21.95,2026-09-29T08:15,10° 58.07274' E,47° 3.90505' N,1175.9,5
Tijd,CO2,TempBME,RHBME,Press,Rvoc,PM2.5,PM10,TijdGPS,LengteGr,BreedteGr,Hoogte,Sensornummer
1.13,521.5,20.28,42.81,817.64,54.03,29.85,47.3,2026-09-29T10:28,0,0,0,5
2.13,773.5,20.28,40.82,817.63,84.8,31.1,49.5,2026-09-29T10:29,0,0,0,5
3.13,818.0,20.63,37.83,817.63,111.42,1.6,3.6,2026-09-29T10:30,0,0,0,5
4.13,743.0,20.6,34.94,817.68,137.67,0.9,5.1,2026-09-29T10:31,0,0,0,5
5.13,702.5,20.15,34.87,817.82,155.28,0.9,5.05,2026-09-29T10:32,11° 1.56316' E,46° 52.14641' N,1917.75,5
6.13,689.0,19.88,35.9,817.88,167.34,0.85,7.25,2026-09-29T10:33,11° 1.55775' E,46° 52.11498' N,1914.4,5
7.13,694.0,20.7,36.04,817.34,171.36,3.55,13.6,2026-09-29T10:34,11° 1.57523' E,46° 52.07696' N,1927.3,5
8.13,966.5,22.45,34.56,816.33,174.12,3.4,13.1,2026-09-29T10:35,11° 1.54158' E,46° 52.05295' N,1934.45,5
9.13,1081.0,23.52,31.48,815.23,179.73,0.75,9.45,2026-09-29T10:36,11° 1.51934' E,46° 52.03591' N,1944.45,5
10.13,874.5,22.96,30.75,814.81,189.92,0.6,4.4,2026-09-29T10:37,11° 1.52133' E,46° 52.04208' N,1960.8,5
11.13,748.5,21.92,30.1,814.78,201.06,0.3,0.65,2026-09-29T10:38,11° 1.51156' E,46° 52.02724' N,1964.95,5
12.13,719.0,20.94,30.4,814.78,212.95,0.25,0.65,2026-09-29T10:39,11° 1.52216' E,46° 52.04605' N,1962.95,5
13.13,711.0,20.31,32.45,814.76,214.89,0.35,1.45,2026-09-29T10:40,11° 1.52588' E,46° 52.05455' N,1952.4,5
14.13,709.0,19.86,33.43,814.79,217.09,0.35,1.5,2026-09-29T10:41,11° 1.53661' E,46° 52.0738' N,1948.8,5
15.13,701.5,19.56,33.84,814.8,218.96,0.35,1.4,2026-09-29T10:42,11° 1.52681' E,46° 52.0497' N,1945.85,5
16.13,689.5,19.33,32.75,814.84,225.49,0.35,1.3,2026-09-29T10:43,11° 1.52496' E,46° 52.04627' N,1945.25,5
17.13,681.5,19.0,33.14,814.85,228.63,0.3,0.6,2026-09-29T10:44,11° 1.5231' E,46° 52.04299' N,1933.65,5
18.13,680.0,18.76,33.49,814.84,230.78,0.2,0.8,2026-09-29T10:45,11° 1.52619' E,46° 52.04936' N,1923.75,5
19.13,679.0,18.6,34.06,814.83,232.65,0.8,6.6,2026-09-29T10:46,11° 1.52124' E,46° 52.04252' N,1926.75,5
20.13,677.0,18.58,34.38,814.84,233.07,0.4,2.5,2026-09-29T10:47,11° 1.52107' E,46° 52.04809' N,1923.5,5
21.13,676.0,18.5,33.65,814.82,236.84,0.4,1.6,2026-09-29T10:48,11° 1.52078' E,46° 52.05226' N,1913.6,5
22.13,675.0,18.38,34.01,814.82,239.59,0.2,1.4,2026-09-29T10:49,11° 1.51548' E,46° 52.034' N,1922.1,5
23.13,676.0,18.31,34.04,814.8,239.86,0.2,0.6,2026-09-29T10:50,11° 1.51841' E,46° 52.04047' N,1929.75,5
24.13,672.0,18.22,34.07,814.8,241.61,0.3,1.0,2026-09-29T10:51,11° 1.51976' E,46° 52.04187' N,1930.8,5
25.13,671.5,18.16,34.21,814.8,244.21,0.4,1.2,2026-09-29T10:52,11° 1.52225' E,46° 52.04656' N,1931.15,5
26.13,673.5,18.14,34.81,814.79,242.33,0.3,0.8,2026-09-29T10:53,11° 1.52272' E,46° 52.04602' N,1940.35,5
27.13,673.0,18.15,34.16,814.79,244.39,0.3,0.6,2026-09-29T10:54,11° 1.52324' E,46° 52.04817' N,1933.0,5
28.13,673.0,18.14,33.99,814.77,246.77,0.4,0.6,2026-09-29T10:55,11° 1.52401' E,46° 52.05052' N,1931.95,5
29.13,673.0,18.05,33.94,814.78,247.52,0.3,1.2,2026-09-29T10:56,11° 1.51528' E,46° 52.03467' N,1929.75,5
30.13,677.5,18.04,34.85,814.78,245.03,0.3,0.8,2026-09-29T10:57,11° 1.52007' E,46° 52.04594' N,1920.0,5
31.13,677.5,18.04,34.61,814.78,246.5,0.5,1.1,2026-09-29T10:58,11° 1.51986' E,46° 52.0463' N,1920.15,5
32.13,675.0,18.06,34.73,814.76,246.04,0.3,0.7,2026-09-29T10:59,11° 1.5189' E,46° 52.04712' N,1911.15,5
33.13,673.5,18.07,34.59,814.77,247.05,0.3,0.8,2026-09-29T11:00,11° 1.51898' E,46° 52.04978' N,1914.6,5
34.13,673.0,18.04,34.91,814.76,245.03,0.4,0.8,2026-09-29T11:01,11° 1.52289' E,46° 52.0557' N,1907.75,5
35.13,673.5,18.02,35.14,814.76,244.85,0.5,0.8,2026-09-29T11:02,11° 1.51585' E,46° 52.04013' N,1918.0,5
36.13,675.0,18.05,35.38,814.76,242.77,0.5,2.0,2026-09-29T11:03,11° 1.51808' E,46° 52.04343' N,1920.75,5
37.13,738.0,18.13,36.22,814.61,240.01,0.5,1.2,2026-09-29T11:04,11° 1.51158' E,46° 52.03357' N,1921.0,5
38.13,2243.0,18.78,41.0,814.32,206.86,0.8,3.2,2026-09-29T11:05,0,0,0,5
39.13,2561.5,19.32,38.71,814.24,205.64,1.0,4.0,2026-09-29T11:06,0,0,0,5
Tijd,CO2,TempBME,RHBME,Press,Rvoc,PM2.5,PM10,TijdGPS,LengteGr,BreedteGr,Hoogte,Sensornummer
1.12,707.5,20.14,36.76,814.18,127.93,0.35,2.25,2026-09-29T11:14,0,0,0,5
2.12,857.5,20.22,36.15,814.17,158.2,0.6,2.8,2026-09-29T11:15,0,0,0,5
3.12,834.0,20.26,35.46,814.16,178.48,0.5,2.3,2026-09-29T11:17,0,0,0,5
4.12,797.5,20.33,35.89,814.14,187.23,0.5,2.45,2026-09-29T11:18,0,0,0,5
5.12,763.0,20.43,35.39,814.14,195.04,0.45,1.4,2026-09-29T11:19,0,0,0,5
6.12,749.5,20.53,35.35,814.15,199.47,0.4,1.6,2026-09-29T11:20,0,0,0,5
7.12,739.0,20.69,35.29,814.16,200.81,0.4,1.55,2026-09-29T11:21,0,0,0,5
8.12,739.0,20.83,35.06,814.14,204.99,0.65,2.6,2026-09-29T11:22,0,0,0,5
9.12,741.5,21.0,34.19,814.13,206.67,1.1,7.85,2026-09-29T11:23,0,0,0,5
10.12,753.5,21.01,33.66,814.12,211.99,1.0,6.8,2026-09-29T11:24,0,0,0,5
11.12,827.5,21.04,33.93,814.13,211.72,0.8,4.15,2026-09-29T11:25,0,0,0,5
12.12,912.0,21.19,34.75,814.12,208.17,0.85,5.85,2026-09-29T11:26,0,0,0,5
13.12,907.5,21.35,34.14,814.11,208.24,0.75,3.85,2026-09-29T11:27,0,0,0,5
14.12,866.5,21.42,34.4,814.11,207.06,0.65,2.8,2026-09-29T11:28,0,0,0,5
15.12,855.0,21.58,34.91,814.09,203.85,0.55,2.6,2026-09-29T11:29,0,0,0,5
16.12,873.5,21.75,34.83,814.09,202.1,0.9,5.1,2026-09-29T11:30,0,0,0,5
17.12,913.5,21.87,34.56,814.07,201.36,1.3,8.1,2026-09-29T11:31,0,0,0,5
18.12,931.0,21.99,34.73,814.05,200.26,0.9,6.0,2026-09-29T11:32,0,0,0,5
19.12,966.0,22.08,34.31,814.04,200.68,0.9,4.8,2026-09-29T11:33,0,0,0,5
20.12,1010.5,22.16,34.67,814.02,199.53,1.2,12.6,2026-09-29T11:34,0,0,0,5
21.12,1062.0,22.32,34.7,814.04,197.44,1.1,6.5,2026-09-29T11:35,0,0,0,5
22.12,1074.5,22.42,33.87,814.04,199.23,0.9,6.1,2026-09-29T11:36,0,0,0,5
23.12,1077.5,22.42,34.18,814.04,199.71,0.6,2.8,2026-09-29T11:37,0,0,0,5
24.12,1084.0,22.49,34.44,814.04,197.73,1.0,3.6,2026-09-29T11:38,0,0,0,5
25.12,1079.0,22.53,34.03,814.06,198.81,1.3,8.3,2026-09-29T11:39,0,0,0,5
26.12,1049.5,22.56,34.26,814.06,198.63,0.6,4.0,2026-09-29T11:40,0,0,0,5
27.12,1026.0,22.63,33.85,814.04,199.23,0.8,3.4,2026-09-29T11:41,0,0,0,5
28.12,1014.5,22.64,33.7,814.04,200.2,1.2,4.8,2026-09-29T11:42,0,0,0,5
29.12,1005.0,22.64,33.76,814.05,199.95,0.6,1.9,2026-09-29T11:43,0,0,0,5
30.12,1008.0,22.64,33.65,814.03,199.41,0.9,5.2,2026-09-29T11:44,0,0,0,5
31.12,1014.0,22.64,33.54,814.03,200.14,0.8,3.5,2026-09-29T11:45,0,0,0,5
32.12,1019.0,22.62,33.75,814.02,200.26,0.7,2.3,2026-09-29T11:46,0,0,0,5
33.12,1017.0,22.66,33.43,814.02,200.44,0.5,4.4,2026-09-29T11:47,0,0,0,5
34.12,1015.0,22.67,33.5,814.02,201.05,0.7,5.0,2026-09-29T11:48,0,0,0,5
35.12,1001.0,22.67,32.87,814.0,202.29,0.9,2.8,2026-09-29T11:49,0,0,0,5
36.12,978.5,22.61,33.11,814.0,204.17,0.5,2.4,2026-09-29T11:50,0,0,0,5
37.12,961.5,22.61,33.01,814.01,204.87,0.6,2.2,2026-09-29T11:51,0,0,0,5
38.12,951.5,22.61,32.93,814.01,205.06,0.6,2.5,2026-09-29T11:52,0,0,0,5
39.12,938.0,22.62,32.7,813.96,206.86,0.5,2.4,2026-09-29T11:53,0,0,0,5
40.12,927.0,22.59,32.5,813.95,207.58,0.6,1.7,2026-09-29T11:54,0,0,0,5
41.12,915.0,22.51,32.3,813.96,209.69,0.5,1.8,2026-09-29T11:55,0,0,0,5
42.12,896.5,22.45,32.19,813.95,211.1,0.6,1.6,2026-09-29T11:56,0,0,0,5
43.12,885.0,22.42,32.52,813.93,210.77,0.5,2.2,2026-09-29T11:57,0,0,0,5
44.12,875.0,22.44,32.03,813.93,211.92,0.4,1.1,2026-09-29T11:58,0,0,0,5
45.12,860.5,22.43,32.16,813.92,212.33,0.5,0.8,2026-09-29T11:59,0,0,0,5
46.12,847.5,22.47,32.21,813.93,211.65,0.5,1.6,2026-09-29T12:00,0,0,0,5
47.12,841.0,22.49,31.92,813.9,213.78,0.4,1.7,2026-09-29T12:01,0,0,0,5
48.12,838.0,22.5,31.81,813.9,213.85,0.6,2.0,2026-09-29T12:02,0,0,0,5
49.12,834.0,22.5,31.75,813.9,214.06,0.6,2.7,2026-09-29T12:03,0,0,0,5
50.12,830.0,22.46,31.53,813.9,215.45,0.4,1.0,2026-09-29T12:04,0,0,0,5
51.12,827.5,22.41,31.39,813.9,217.3,0.4,1.6,2026-09-29T12:04,0,0,0,5
52.12,820.0,22.39,31.62,813.89,217.3,0.4,1.5,2026-09-29T12:05,0,0,0,5
53.12,814.0,22.41,31.31,813.89,218.17,0.4,1.3,2026-09-29T12:06,0,0,0,5
54.12,811.0,22.42,31.35,813.87,218.24,0.5,2.3,2026-09-29T12:08,0,0,0,5
55.12,808.0,22.47,31.53,813.87,217.16,0.5,1.4,2026-09-29T12:08,0,0,0,5
56.12,803.0,22.5,31.28,813.84,218.6,0.4,0.6,2026-09-29T12:09,0,0,0,5
57.12,795.5,22.5,31.13,813.85,218.31,0.6,1.6,2026-09-29T12:10,0,0,0,5
58.12,795.5,22.49,31.16,813.84,219.18,0.7,2.0,2026-09-29T12:12,0,0,0,5
59.12,795.5,22.53,31.26,813.84,218.31,0.4,0.7,2026-09-29T12:13,0,0,0,5
60.12,792.0,22.51,30.9,813.85,219.04,0.8,1.8,2026-09-29T12:14,0,0,0,5
61.12,789.0,22.52,31.03,813.83,219.41,0.4,0.7,2026-09-29T12:15,0,0,0,5
62.12,787.0,22.54,30.96,813.82,219.4,0.3,0.9,2026-09-29T12:16,0,0,0,5
63.12,787.0,22.53,30.86,813.81,219.62,0.4,0.6,2026-09-29T12:17,0,0,0,5
64.12,788.5,22.51,30.74,813.79,220.5,0.6,1.8,2026-09-29T12:18,0,0,0,5
65.12,785.5,22.52,30.83,813.8,219.77,0.6,1.0,2026-09-29T12:19,0,0,0,5
66.12,781.0,22.52,30.64,813.8,220.8,0.4,0.7,2026-09-29T12:20,0,0,0,5
67.12,779.5,22.53,30.68,813.8,220.87,0.5,0.6,2026-09-29T12:21,0,0,0,5
68.12,775.0,22.53,30.61,813.78,221.54,0.4,0.8,2026-09-29T12:22,0,0,0,5
69.12,775.0,22.55,30.68,813.78,221.02,0.4,0.6,2026-09-29T12:23,0,0,0,5
70.12,773.0,22.59,30.61,813.78,220.87,0.5,1.3,2026-09-29T12:24,0,0,0,5
71.12,775.0,22.61,30.58,813.77,220.73,0.5,0.7,2026-09-29T12:25,0,0,0,5
72.12,774.0,22.63,30.6,813.76,221.1,0.4,0.9,2026-09-29T12:26,0,0,0,5
73.12,775.0,22.63,30.43,813.76,221.69,0.4,0.7,2026-09-29T12:27,0,0,0,5
74.12,772.0,22.63,30.49,813.77,220.73,0.5,1.3,2026-09-29T12:28,0,0,0,5
75.12,772.0,22.64,30.34,813.78,222.0,0.5,1.0,2026-09-29T12:29,0,0,0,5
76.12,767.5,22.64,30.44,813.78,221.32,0.4,0.5,2026-09-29T12:30,0,0,0,5
77.12,767.5,22.63,30.24,813.79,222.36,0.5,1.0,2026-09-29T12:31,0,0,0,5
78.12,766.0,22.62,30.27,813.8,221.77,0.5,0.9,2026-09-29T12:32,0,0,0,5
79.12,765.0,22.63,30.2,813.8,222.29,0.4,0.7,2026-09-29T12:33,0,0,0,5
80.12,767.5,22.64,30.18,813.8,221.77,0.5,1.2,2026-09-29T12:34,0,0,0,5
81.12,764.5,22.65,30.24,813.79,221.77,0.5,0.6,2026-09-29T12:35,0,0,0,5
82.12,764.0,22.64,30.15,813.8,222.07,0.5,1.2,2026-09-29T12:36,0,0,0,5
83.12,766.5,22.64,30.15,813.81,222.06,0.5,0.9,2026-09-29T12:37,0,0,0,5
84.12,766.0,22.64,30.16,813.81,223.42,0.4,1.8,2026-09-29T12:38,0,0,0,5
85.12,768.5,22.66,30.11,813.82,222.52,0.6,0.7,2026-09-29T12:39,0,0,0,5
86.12,766.0,22.67,30.01,813.82,222.59,0.6,1.2,2026-09-29T12:40,0,0,0,5
87.12,764.5,22.69,30.03,813.81,222.29,0.5,1.2,2026-09-29T12:41,0,0,0,5
88.12,763.0,22.7,29.83,813.81,223.27,0.5,0.6,2026-09-29T12:42,0,0,0,5
89.12,761.0,22.69,29.81,813.81,223.81,0.5,0.7,2026-09-29T12:43,0,0,0,5
90.12,761.0,22.67,29.85,813.81,223.27,0.6,1.2,2026-09-29T12:44,0,0,0,5
91.12,761.0,22.67,29.89,813.81,223.42,0.4,1.1,2026-09-29T12:45,0,0,0,5
92.12,760.5,22.66,29.78,813.81,224.1,0.5,0.7,2026-09-29T12:46,0,0,0,5
93.12,757.0,22.66,29.69,813.8,224.41,0.5,0.8,2026-09-29T12:47,0,0,0,5
94.12,757.5,22.64,29.81,813.8,224.49,0.3,0.9,2026-09-29T12:48,0,0,0,5
95.12,758.5,22.65,29.78,813.8,224.41,0.4,0.7,2026-09-29T12:49,0,0,0,5
96.12,759.5,22.67,29.72,813.8,224.72,0.4,0.7,2026-09-29T12:50,0,0,0,5
97.12,756.0,22.69,29.67,813.79,224.64,0.5,0.7,2026-09-29T12:51,0,0,0,5
98.12,757.0,22.7,29.67,813.79,223.35,0.5,1.0,2026-09-29T12:52,0,0,0,5
99.12,757.0,22.71,29.57,813.79,224.49,0.4,0.9,2026-09-29T12:53,0,0,0,5
100.12,756.5,22.7,29.6,813.79,224.33,0.5,0.9,2026-09-29T12:54,0,0,0,5
101.12,756.5,22.7,29.6,813.79,224.72,0.5,1.0,2026-09-29T12:55,0,0,0,5
102.12,755.0,22.72,29.6,813.81,224.41,0.6,1.0,2026-09-29T12:56,0,0,0,5
103.12,754.0,22.73,29.64,813.82,223.27,0.7,1.8,2026-09-29T12:57,0,0,0,5
104.12,751.0,22.73,29.58,813.83,224.64,0.5,2.1,2026-09-29T12:58,0,0,0,5
105.12,749.0,22.78,29.68,813.83,224.11,0.6,1.1,2026-09-29T12:59,0,0,0,5
106.12,749.0,22.83,29.51,813.83,223.19,0.5,0.6,2026-09-29T13:00,0,0,0,5
107.12,752.0,22.82,29.61,813.82,223.8,0.6,1.1,2026-09-29T13:01,0,0,0,5
108.12,748.0,22.92,29.66,813.8,222.74,0.6,1.5,2026-09-29T13:02,0,0,0,5
109.12,747.0,22.98,29.6,813.81,221.54,0.4,0.5,2026-09-29T13:03,0,0,0,5
110.12,748.0,22.99,29.52,813.81,221.54,0.5,1.6,2026-09-29T13:04,0,0,0,5
111.12,747.5,23.03,29.44,813.81,219.99,0.5,2.1,2026-09-29T13:05,0,0,0,5
112.12,751.0,23.02,29.42,813.82,222.29,0.6,0.8,2026-09-29T13:06,0,0,0,5
113.12,756.5,23.0,29.52,813.82,221.02,0.6,1.3,2026-09-29T13:07,0,0,0,5
114.12,772.5,23.03,29.7,813.83,220.14,0.6,2.6,2026-09-29T13:08,0,0,0,5
115.12,787.0,23.11,29.71,813.83,219.7,0.7,3.4,2026-09-29T13:09,0,0,0,5
116.12,797.5,23.14,29.69,813.84,218.46,0.9,5.3,2026-09-29T13:10,0,0,0,5
Tijd,CO2,TempBME,RHBME,Press,Rvoc,PM2.5,PM10,TijdGPS,LengteGr,BreedteGr,Hoogte,Sensornummer
Tijd,CO2,TempBME,RHBME,Press,Rvoc,PM2.5,PM10,TijdGPS,LengteGr,BreedteGr,Hoogte,Sensornummer
Tijd,CO2,TempBME,RHBME,Press,Rvoc,PM2.5,PM10,TijdGPS,LengteGr,BreedteGr,Hoogte,Sensornummer
Tijd,CO2,TempBME,RHBME,Press,Rvoc,PM2.5,PM10,TijdGPS,LengteGr,BreedteGr,Hoogte,Sensornummer
1.13,325.5,22.68,27.62,814.15,105.44,4.4,11.2,26;9;29;13;25;59,11° 1.4741' E,46° 52.01813' N,1968.7,5
2.13,610.0,22.82,28.09,814.14,142.09,0.6,1.1,26;9;29;13;26;50,11° 1.47268' E,46° 52.01576' N,1956.1,5
3.13,681.0,23.52,26.72,814.15,172.36,0.6,3.7,26;9;29;13;27;59,11° 1.4719' E,46° 52.01633' N,1944.7,5
4.13,689.0,23.38,27.18,814.14,191.36,1.0,4.0,26;9;29;13;28;59,11° 1.47179' E,46° 52.01621' N,1947.25,5
5.13,682.5,23.17,28.6,814.15,201.37,0.6,1.0,26;9;29;13;29;59,11° 1.47243' E,46° 52.01447' N,1948.65,5
6.13,680.5,22.91,28.33,814.18,210.78,0.7,1.5,26;9;29;13;30;59,11° 1.4711' E,46° 52.01391' N,1947.85,5
7.13,670.0,22.67,27.02,814.19,225.02,0.7,1.4,26;9;29;13;31;50,11° 1.47082' E,46° 52.01347' N,1950.65,5
8.13,684.0,22.31,27.17,814.2,233.15,0.6,1.3,26;9;29;13;32;59,11° 1.47065' E,46° 52.01227' N,1948.8,5
9.13,680.5,22.12,27.51,814.21,238.04,0.6,0.8,26;9;29;13;33;50,11° 1.47407' E,46° 52.0161' N,1946.15,5
10.13,673.0,21.95,27.53,814.22,242.15,0.7,1.4,26;9;29;13;34;50,11° 1.47335' E,46° 52.01619' N,1944.55,5
11.13,677.0,21.88,28.0,814.23,244.3,0.6,0.8,26;9;29;13;35;50,11° 1.47382' E,46° 52.01483' N,1942.1,5
12.13,662.5,21.68,28.34,814.25,246.59,0.8,2.0,26;9;29;13;36;59,11° 1.47193' E,46° 52.01564' N,1943.9,5
13.13,659.0,21.56,28.09,814.26,250.43,0.6,1.2,26;9;29;13;37;59,11° 1.47259' E,46° 52.01656' N,1942.0,5
14.13,658.0,21.53,28.18,814.25,251.2,0.6,1.3,26;9;29;13;38;59,11° 1.47349' E,46° 52.01539' N,1946.7,5
15.13,664.0,21.57,28.73,814.23,249.2,0.7,1.4,26;9;29;13;39;59,11° 1.47287' E,46° 52.01545' N,1945.1,5
16.13,658.0,21.57,28.45,814.22,252.16,0.9,1.8,26;9;29;13;40;59,11° 1.47358' E,46° 52.0156' N,1943.95,5
17.13,664.0,21.56,29.09,814.23,249.86,0.8,1.6,26;9;29;13;41;59,11° 1.47316' E,46° 52.0157' N,1942.15,5
18.13,660.5,21.57,29.04,814.24,249.96,0.7,1.5,26;9;29;13;42;59,11° 1.47356' E,46° 52.01666' N,1939.75,5
19.13,666.0,21.48,29.11,814.26,251.87,0.6,0.9,26;9;29;13;43;59,11° 1.47415' E,46° 52.01429' N,1943.65,5
20.13,678.5,21.39,29.12,814.27,254.4,0.7,1.0,26;9;29;13;44;59,11° 1.47173' E,46° 52.0149' N,1941.2,5
21.13,692.5,21.25,29.38,814.26,255.78,0.8,1.5,26;9;29;13;45;59,11° 1.47311' E,46° 52.0166' N,1941.5,5
22.13,677.5,21.19,29.67,814.26,254.69,0.9,1.9,26;9;29;13;46;59,11° 1.47246' E,46° 52.01564' N,1941.85,5
23.13,672.0,21.27,30.2,814.27,246.69,0.9,1.3,26;9;29;13;47;59,11° 1.47205' E,46° 52.01348' N,1937.75,5
24.13,680.5,21.39,29.99,814.25,247.33,0.9,1.3,26;9;29;13;48;59,11° 1.47151' E,46° 52.01698' N,1937.45,5
25.13,667.0,21.4,30.32,814.26,246.22,0.8,1.1,26;9;29;13;49;59,11° 1.47351' E,46° 52.01752' N,1945.1,5
26.13,650.5,21.38,30.37,814.26,247.61,0.9,2.0,26;9;29;13;50;59,11° 1.47164' E,46° 52.01783' N,1945.6,5
27.13,655.0,21.3,30.3,814.26,248.26,1.0,1.7,26;9;29;13;51;59,11° 1.47216' E,46° 52.01598' N,1943.35,5
28.13,677.5,21.32,30.79,814.26,245.67,1.1,1.8,26;9;29;13;52;50,11° 1.47287' E,46° 52.0145' N,1943.65,5
29.13,674.5,21.36,30.36,814.25,245.12,1.0,1.6,26;9;29;13;53;50,11° 1.47422' E,46° 52.01475' N,1940.65,5
30.13,674.5,21.37,30.94,814.25,243.31,1.1,2.2,26;9;29;13;54;50,11° 1.47114' E,46° 52.01645' N,1943.35,5
31.13,672.5,21.3,31.33,814.24,242.5,1.0,2.2,26;9;29;13;55;50,11° 1.4731' E,46° 52.01439' N,1941.75,5
32.13,672.0,21.22,31.24,814.24,243.31,0.9,1.4,26;9;29;13;56;50,11° 1.47318' E,46° 52.01652' N,1945.35,5
33.13,672.0,21.16,31.75,814.25,241.17,1.1,2.5,26;9;29;13;57;50,11° 1.47233' E,46° 52.01621' N,1942.7,5
34.13,665.0,21.09,31.49,814.26,242.06,1.1,1.8,26;9;29;13;58;50,11° 1.47436' E,46° 52.01464' N,1943.4,5
35.13,675.5,21.1,32.31,814.27,239.42,1.0,2.3,26;9;29;13;59;50,11° 1.47308' E,46° 52.01518' N,1946.3,5
36.13,682.5,20.9,32.35,814.27,241.26,1.05,2.35,26;9;29;14;0;50,11° 1.47296' E,46° 52.01577' N,1944.95,5
37.13,676.5,20.56,32.81,814.28,243.22,1.2,2.4,26;9;29;14;1;59,11° 1.47422' E,46° 52.01576' N,1943.2,5
38.13,674.0,20.19,33.43,814.29,242.15,1.4,2.45,26;9;29;14;2;50,11° 1.47316' E,46° 52.01463' N,1944.65,5
39.13,667.5,20.19,33.44,814.3,241.26,1.6,2.5,26;9;29;14;3;50,11° 1.47229' E,46° 52.01701' N,1944.25,5
40.13,670.0,20.22,33.51,814.29,239.94,1.55,3.2,26;9;29;14;4;59,11° 1.47152' E,46° 52.01609' N,1943.15,5
41.13,667.5,20.32,33.49,814.29,236.5,1.3,3.1,26;9;29;14;5;50,11° 1.47314' E,46° 52.01601' N,1944.35,5
42.13,675.5,20.35,33.13,814.29,239.16,1.25,2.4,26;9;29;14;6;59,11° 1.47236' E,46° 52.01465' N,1944.7,5
43.13,676.5,20.36,33.24,814.28,238.04,1.3,3.2,26;9;29;14;7;59,11° 1.47309' E,46° 52.01438' N,1947.15,5
44.13,668.5,20.44,32.86,814.29,238.55,1.3,3.1,26;9;29;14;8;59,11° 1.47496' E,46° 52.01687' N,1950.15,5
45.13,673.5,20.54,33.46,814.3,234.39,1.35,2.7,26;9;29;14;9;59,11° 1.47435' E,46° 52.01688' N,1948.4,5
46.13,677.0,20.5,33.58,814.3,235.9,1.85,7.85,26;9;29;14;10;50,11° 1.47264' E,46° 52.01535' N,1946.05,5
47.13,662.5,20.44,34.08,814.3,232.9,2.0,9.1,26;9;29;14;11;50,11° 1.47216' E,46° 52.0133' N,1941.2,5
48.13,674.5,20.44,33.59,814.31,234.57,1.45,3.7,26;9;29;14;12;50,11° 1.47387' E,46° 52.01445' N,1945.9,5
49.13,668.0,20.2,32.79,814.32,241.7,1.2,2.05,26;9;29;14;13;59,11° 1.47295' E,46° 52.01355' N,1943.4,5
50.13,670.0,20.16,32.92,814.32,237.18,1.1,2.2,26;9;29;14;14;59,11° 1.47393' E,46° 52.01543' N,1945.7,5
51.13,670.0,20.3,33.74,814.31,233.64,1.1,2.0,26;9;29;14;15;59,11° 1.47181' E,46° 52.01445' N,1941.35,5
52.13,665.5,20.36,33.34,814.32,234.89,1.25,1.95,26;9;29;14;16;59,11° 1.47418' E,46° 52.01498' N,1944.35,5
53.13,669.5,20.45,33.73,814.31,231.84,1.35,2.15,26;9;29;14;17;59,11° 1.47559' E,46° 52.01399' N,1949.7,5
54.13,683.5,20.45,33.69,814.32,234.39,1.45,2.3,26;9;29;14;18;50,11° 1.47467' E,46° 52.01448' N,1946.25,5
55.13,683.5,20.42,33.29,814.33,235.48,1.35,2.2,26;9;29;14;19;50,11° 1.47536' E,46° 52.01554' N,1944.4,5
56.13,679.5,20.38,33.1,814.33,237.61,1.35,2.0,26;9;29;14;20;59,11° 1.47418' E,46° 52.01415' N,1947.0,5
57.13,688.5,20.37,33.36,814.33,235.74,1.4,1.9,26;9;29;14;21;59,11° 1.4751' E,46° 52.01564' N,1946.3,5
58.13,700.5,20.43,33.83,814.32,230.78,1.3,1.9,26;9;29;14;22;59,11° 1.47467' E,46° 52.01529' N,1948.6,5
59.13,683.5,20.59,34.18,814.34,226.26,1.3,2.3,26;9;29;14;23;50,11° 1.47449' E,46° 52.01479' N,1946.05,5
60.13,707.0,20.67,33.89,814.36,227.36,1.2,2.8,26;9;29;14;24;50,11° 1.47465' E,46° 52.01671' N,1950.8,5
61.13,713.0,20.69,33.93,814.36,228.94,1.3,1.9,26;9;29;14;25;50,11° 1.47619' E,46° 52.01778' N,1956.5,5
62.13,699.5,20.61,33.94,814.36,230.38,1.5,2.2,26;9;29;14;26;59,11° 1.47444' E,46° 52.01673' N,1953.85,5
63.13,673.5,20.46,34.29,814.38,229.49,1.3,2.0,26;9;29;14;27;59,11° 1.47418' E,46° 52.01502' N,1949.15,5
64.13,680.0,20.49,34.47,814.38,226.88,1.4,3.3,26;9;29;14;28;59,11° 1.47326' E,46° 52.01615' N,1949.1,5
65.13,679.5,20.5,34.4,814.39,226.57,1.6,3.1,26;9;29;14;29;59,11° 1.47339' E,46° 52.01454' N,1949.3,5
66.13,670.5,20.41,34.49,814.4,229.09,1.5,3.0,26;9;29;14;30;59,11° 1.47381' E,46° 52.01499' N,1953.0,5
67.13,674.0,20.31,35.08,814.41,226.34,1.5,2.7,26;9;29;14;31;59,11° 1.47454' E,46° 52.01432' N,1955.2,5
68.13,677.0,20.22,34.96,814.4,227.9,1.3,2.1,26;9;29;14;32;59,11° 1.47354' E,46° 52.0148' N,1953.55,5
69.13,681.5,20.05,35.57,814.41,227.67,1.9,5.3,26;9;29;14;33;59,11° 1.47469' E,46° 52.01352' N,1950.65,5
70.13,663.0,19.95,35.59,814.41,227.28,1.9,8.2,26;9;29;14;34;59,11° 1.47372' E,46° 52.0138' N,1948.4,5
71.13,683.0,19.75,36.46,814.41,225.1,1.8,5.9,26;9;29;14;35;59,11° 1.47506' E,46° 52.01462' N,1950.75,5
72.13,656.0,19.57,35.9,814.43,227.67,1.6,3.0,26;9;29;14;36;59,11° 1.47433' E,46° 52.01549' N,1946.95,5
73.13,656.0,19.48,36.48,814.43,227.36,1.7,2.3,26;9;29;14;37;59,11° 1.47571' E,46° 52.01477' N,1950.0,5
74.13,660.5,19.48,36.32,814.42,225.87,1.8,2.1,26;9;29;14;38;59,11° 1.47411' E,46° 52.01595' N,1949.65,5
75.13,676.0,19.36,36.24,814.43,228.78,1.7,2.1,26;9;29;14;39;59,11° 1.4744' E,46° 52.0155' N,1948.8,5
76.13,686.0,19.3,36.39,814.44,227.67,1.7,3.0,26;9;29;14;40;59,11° 1.47371' E,46° 52.01589' N,1948.75,5
77.13,680.0,19.23,37.46,814.45,223.65,1.6,2.8,26;9;29;14;41;59,11° 1.47407' E,46° 52.01599' N,1948.5,5
78.13,688.0,19.21,36.81,814.46,223.73,1.6,2.9,26;9;29;14;42;59,11° 1.47346' E,46° 52.01445' N,1946.7,5
79.13,685.5,19.08,37.18,814.5,225.26,1.6,2.4,26;9;29;14;43;59,11° 1.47324' E,46° 52.01597' N,1946.3,5
80.13,674.0,19.05,37.49,814.5,221.99,2.0,3.1,26;9;29;14;44;59,11° 1.47401' E,46° 52.01608' N,1945.3,5
81.13,682.0,19.14,37.37,814.49,219.62,1.8,3.1,26;9;29;14;45;59,11° 1.47416' E,46° 52.01588' N,1944.2,5
82.13,676.5,19.17,37.51,814.5,219.33,2.0,2.5,26;9;29;14;46;59,11° 1.47405' E,46° 52.0154' N,1949.8,5
83.13,668.5,19.05,37.44,814.51,221.1,1.9,2.4,26;9;29;14;47;59,11° 1.47358' E,46° 52.01587' N,1947.35,5
84.13,667.0,19.1,36.9,814.5,220.43,2.0,5.5,26;9;29;14;48;59,11° 1.47368' E,46° 52.01553' N,1943.45,5
85.13,671.5,19.13,37.05,814.51,221.1,1.4,3.5,26;9;29;14;49;59,11° 1.47383' E,46° 52.0163' N,1947.7,5
86.13,704.0,19.09,37.08,814.52,221.1,1.5,2.3,26;9;29;14;50;59,11° 1.47425' E,46° 52.0158' N,1946.35,5
87.13,691.0,18.89,37.97,814.52,221.84,1.7,3.7,26;9;29;14;51;59,11° 1.47464' E,46° 52.01579' N,1945.85,5
88.13,664.0,18.77,38.37,814.53,222.74,1.9,2.9,26;9;29;14;52;59,11° 1.47399' E,46° 52.01464' N,1944.4,5
89.13,661.5,18.81,38.21,814.53,220.28,1.7,4.4,26;9;29;14;53;59,11° 1.4745' E,46° 52.01607' N,1945.6,5
90.13,678.5,18.79,38.33,814.53,220.58,1.8,4.6,26;9;29;14;54;59,11° 1.4736' E,46° 52.01623' N,1945.8,5
91.13,669.0,18.72,38.54,814.53,220.14,1.6,3.9,26;9;29;14;55;59,11° 1.47377' E,46° 52.01662' N,1949.65,5
92.13,665.5,18.73,38.48,814.54,219.84,1.9,6.1,26;9;29;14;56;59,11° 1.47493' E,46° 52.01748' N,1948.15,5
93.13,663.5,18.67,38.03,814.54,221.24,1.8,3.0,26;9;29;14;57;59,11° 1.47373' E,46° 52.0164' N,1948.85,5
94.13,662.5,18.66,39.02,814.56,216.31,1.9,4.9,26;9;29;14;58;59,11° 1.47347' E,46° 52.01661' N,1949.1,5
95.13,664.0,18.68,38.08,814.57,218.82,1.9,4.5,26;9;29;14;59;59,11° 1.47382' E,46° 52.01689' N,1946.95,5
96.13,669.5,18.56,38.01,814.56,223.04,1.7,2.9,26;9;29;15;0;59,11° 1.47429' E,46° 52.01851' N,1947.6,5
97.13,668.5,18.44,38.14,814.57,224.49,1.6,2.5,26;9;29;15;1;59,11° 1.47344' E,46° 52.0176' N,1947.35,5
98.13,661.0,18.4,38.79,814.56,221.92,1.8,3.3,26;9;29;15;2;59,11° 1.47227' E,46° 52.01705' N,1954.2,5
99.13,662.0,18.54,38.62,814.57,215.11,1.7,2.5,26;9;29;15;3;59,11° 1.4734' E,46° 52.01756' N,1956.7,5
100.13,661.5,18.65,38.93,814.58,212.4,1.7,3.5,26;9;29;15;4;59,11° 1.47099' E,46° 52.01847' N,1951.3,5
101.13,664.5,18.82,38.71,814.59,206.74,2.0,7.7,26;9;29;15;5;59,11° 1.47234' E,46° 52.01665' N,1952.45,5
102.13,663.0,18.81,38.39,814.59,212.67,1.8,3.7,26;9;29;15;6;59,11° 1.47085' E,46° 52.01858' N,1952.55,5
103.13,664.5,18.71,38.48,814.59,215.31,1.8,4.8,26;9;29;15;7;59,11° 1.47391' E,46° 52.01765' N,1954.15,5
104.13,667.0,18.74,38.42,814.6,209.49,1.8,4.8,26;9;29;15;8;59,11° 1.47235' E,46° 52.01847' N,1955.65,5
105.13,675.5,18.74,38.08,814.6,209.29,1.6,2.9,26;9;29;15;9;59,11° 1.47277' E,46° 52.01919' N,1954.65,5
106.13,697.0,18.66,38.22,814.61,213.85,1.4,2.7,26;9;29;15;10;59,11° 1.47494' E,46° 52.01725' N,1956.7,5
107.13,688.5,18.58,38.37,814.62,214.82,1.8,2.8,26;9;29;15;11;59,11° 1.47454' E,46° 52.01757' N,1954.2,5
108.13,680.0,18.55,38.02,814.61,214.47,1.9,3.6,26;9;29;15;12;59,11° 1.477' E,46° 52.01679' N,1958.05,5
109.13,676.0,18.44,38.99,814.62,217.23,1.7,2.4,26;9;29;15;13;59,11° 1.47551' E,46° 52.0167' N,1957.6,5
110.13,667.0,18.18,39.93,814.63,216.16,1.8,2.3,26;9;29;15;14;59,11° 1.47502' E,46° 52.01628' N,1956.8,5
111.13,666.5,18.03,39.99,814.65,217.23,1.6,2.1,26;9;29;15;15;59,11° 1.4763' E,46° 52.01514' N,1956.85,5
112.13,666.5,17.89,40.15,814.66,217.45,1.8,2.5,26;9;29;15;16;59,11° 1.47403' E,46° 52.01589' N,1954.8,5
113.13,665.0,17.77,40.46,814.67,216.23,1.7,2.2,26;9;29;15;17;59,11° 1.47482' E,46° 52.01622' N,1954.7,5
114.13,663.0,17.62,40.82,814.68,215.03,1.7,3.4,26;9;29;15;18;59,11° 1.47575' E,46° 52.01554' N,1950.3,5
115.13,664.0,17.53,40.95,814.68,213.85,1.9,3.4,26;9;29;15;19;50,11° 1.47498' E,46° 52.01643' N,1952.35,5
116.13,662.5,17.36,41.78,814.69,211.85,1.8,2.9,26;9;29;15;20;50,11° 1.47488' E,46° 52.01591' N,1951.0,5
117.13,660.0,17.23,41.55,814.71,212.67,1.8,3.1,26;9;29;15;21;50,11° 1.47533' E,46° 52.01637' N,1949.25,5
118.13,661.0,17.1,42.11,814.72,213.16,1.7,3.9,26;9;29;15;22;50,11° 1.47445' E,46° 52.01646' N,1948.65,5
119.13,667.0,16.84,42.63,814.74,212.34,2.9,13.8,26;9;29;15;23;59,11° 1.47534' E,46° 52.01652' N,1947.5,5
120.13,663.0,16.75,42.72,814.76,213.15,1.8,5.3,26;9;29;15;24;59,11° 1.4755' E,46° 52.01627' N,1947.55,5
121.13,663.5,16.63,43.71,814.77,208.24,1.9,7.5,26;9;29;15;25;50,11° 1.47566' E,46° 52.0168' N,1947.55,5
122.13,662.0,16.5,43.94,814.78,206.67,1.7,4.5,26;9;29;15;26;59,11° 1.47408' E,46° 52.01536' N,1946.35,5
123.13,664.5,16.31,44.07,814.79,206.73,1.9,6.9,26;9;29;15;27;50,11° 1.47426' E,46° 52.016' N,1945.25,5
124.13,664.0,16.24,43.95,814.79,208.3,1.8,3.4,26;9;29;15;28;59,11° 1.47463' E,46° 52.01622' N,1946.65,5
125.13,661.0,16.16,44.05,814.8,208.43,2.0,5.6,26;9;29;15;29;59,11° 1.47604' E,46° 52.01623' N,1944.95,5
126.13,658.5,16.13,43.9,814.8,206.28,1.9,4.2,26;9;29;15;30;59,11° 1.4749' E,46° 52.01555' N,1951.2,5
127.13,658.5,16.1,44.71,814.82,203.66,1.9,4.2,26;9;29;15;31;59,11° 1.47554' E,46° 52.01591' N,1948.1,5
128.13,658.0,16.09,43.81,814.81,204.42,1.7,4.0,26;9;29;15;32;59,11° 1.47353' E,46° 52.01727' N,1941.8,5
129.13,656.5,16.09,44.04,814.82,204.49,1.9,3.6,26;9;29;15;33;59,11° 1.47486' E,46° 52.01557' N,1947.65,5
130.13,655.0,16.01,44.38,814.82,205.64,2.0,4.3,26;9;29;15;34;59,11° 1.47423' E,46° 52.0173' N,1948.95,5
131.13,655.0,15.97,44.67,814.83,205.96,2.1,6.0,26;9;29;15;35;50,11° 1.47396' E,46° 52.01737' N,1947.75,5
132.13,655.0,15.84,45.51,814.83,204.3,2.2,5.9,26;9;29;15;36;50,11° 1.47264' E,46° 52.01767' N,1944.55,5
133.13,653.5,15.78,45.61,814.84,202.66,2.1,7.5,26;9;29;15;37;59,11° 1.47426' E,46° 52.01739' N,1941.05,5
134.13,659.5,15.78,44.82,814.85,200.75,2.1,3.7,26;9;29;15;38;50,11° 1.47369' E,46° 52.01708' N,1945.5,5
135.13,661.5,15.77,45.66,814.86,199.53,1.8,3.8,26;9;29;15;39;50,11° 1.47367' E,46° 52.01684' N,1947.4,5
136.13,677.0,15.65,46.19,814.88,199.53,2.4,7.3,26;9;29;15;40;50,11° 1.47424' E,46° 52.01682' N,1944.2,5
137.13,670.0,15.52,46.35,814.9,200.75,2.3,12.8,26;9;29;15;41;50,11° 1.47424' E,46° 52.01736' N,1948.8,5
138.13,657.5,15.46,46.42,814.91,201.18,2.5,7.4,26;9;29;15;42;59,11° 1.47272' E,46° 52.01884' N,1944.25,5
139.13,656.5,15.38,46.71,814.91,201.24,2.4,5.4,26;9;29;15;43;50,11° 1.47283' E,46° 52.01763' N,1947.4,5
140.13,658.0,15.32,47.01,814.92,199.41,2.1,6.7,26;9;29;15;44;50,11° 1.47347' E,46° 52.01683' N,1947.4,5
141.13,656.5,15.28,46.95,814.92,199.53,2.5,10.5,26;9;29;15;45;50,11° 1.47439' E,46° 52.0156' N,1948.0,5
142.13,656.5,15.23,47.25,814.94,198.51,2.3,9.4,26;9;29;15;46;50,11° 1.47392' E,46° 52.01486' N,1946.7,5
143.13,657.5,15.18,47.38,814.95,197.61,2.0,11.0,26;9;29;15;47;50,11° 1.47505' E,46° 52.01384' N,1947.85,5
144.13,659.0,15.15,47.29,814.96,196.91,2.1,5.5,26;9;29;15;48;50,11° 1.47443' E,46° 52.01669' N,1946.65,5
145.13,660.0,14.98,47.4,814.99,194.58,2.6,5.6,26;9;29;15;49;59,11° 1.47474' E,46° 52.01619' N,1943.55,5
146.13,660.5,14.9,46.69,815.02,191.14,2.1,4.1,26;9;29;15;50;50,11° 1.47549' E,46° 52.01457' N,1946.25,5
147.13,661.0,14.87,46.48,815.02,190.31,2.1,4.8,26;9;29;15;51;50,11° 1.47491' E,46° 52.01603' N,1947.9,5
148.13,662.0,14.82,47.7,815.05,190.47,2.2,7.2,26;9;29;15;52;59,11° 1.47406' E,46° 52.0169' N,1945.4,5
149.13,663.0,14.77,48.1,815.05,191.47,2.3,5.4,26;9;29;15;53;50,11° 1.47449' E,46° 52.01712' N,1947.0,5
150.13,664.0,14.79,48.09,815.06,193.89,2.3,4.4,26;9;29;15;54;50,11° 1.47568' E,46° 52.01593' N,1948.2,5
151.13,662.0,14.84,48.26,815.07,195.33,2.4,5.2,26;9;29;15;55;59,11° 1.47378' E,46° 52.01824' N,1950.1,5
152.13,665.5,14.84,48.35,815.08,194.58,2.4,10.0,26;9;29;15;56;59,11° 1.47369' E,46° 52.01796' N,1947.5,5
153.13,664.5,14.77,48.53,815.08,192.7,2.4,6.6,26;9;29;15;57;50,11° 1.47125' E,46° 52.02056' N,1947.7,5
154.13,664.0,14.72,48.7,815.1,193.04,2.5,4.8,26;9;29;15;58;50,11° 1.47193' E,46° 52.0187' N,1945.95,5
155.13,663.0,14.64,48.98,815.12,190.86,2.1,4.8,26;9;29;15;59;50,11° 1.47135' E,46° 52.01939' N,1944.0,5
156.13,664.0,14.55,49.55,815.14,190.2,2.2,7.7,26;9;29;16;0;50,11° 1.47136' E,46° 52.01929' N,1945.4,5
157.13,664.0,14.48,49.49,815.15,189.43,2.5,9.8,26;9;29;16;1;50,11° 1.47227' E,46° 52.0183' N,1942.5,5
158.13,666.5,14.28,49.96,815.17,186.64,2.6,8.0,26;9;29;16;2;50,11° 1.47199' E,46° 52.01761' N,1946.5,5
159.13,664.0,14.1,50.26,815.18,185.95,2.4,7.4,26;9;29;16;3;50,11° 1.47314' E,46° 52.01679' N,1945.55,5
160.13,666.0,14.01,50.24,815.19,187.12,2.3,13.1,26;9;29;16;4;50,11° 1.4734' E,46° 52.01554' N,1949.05,5
161.13,664.5,13.96,50.67,815.2,186.53,2.2,7.2,26;9;29;16;5;50,11° 1.47266' E,46° 52.01674' N,1949.55,5
162.13,665.5,13.88,50.9,815.2,185.9,2.3,7.6,26;9;29;16;6;50,11° 1.47235' E,46° 52.01769' N,1947.0,5
163.13,666.0,13.75,51.47,815.22,186.84,2.0,6.4,26;9;29;16;7;50,11° 1.47079' E,46° 52.0226' N,1949.0,5
164.13,664.5,13.66,51.38,815.23,185.54,2.4,7.8,26;9;29;16;8;50,11° 1.47333' E,46° 52.01756' N,1951.35,5
165.13,662.5,13.67,50.81,815.25,185.48,2.1,5.6,26;9;29;16;9;50,11° 1.47578' E,46° 52.01357' N,1946.7,5
166.13,664.0,13.75,51.12,815.25,187.12,2.5,7.7,26;9;29;16;10;50,11° 1.475' E,46° 52.01337' N,1943.55,5
167.13,663.0,13.81,51.28,815.25,186.9,2.2,4.3,26;9;29;16;11;50,11° 1.47341' E,46° 52.01632' N,1944.55,5
168.13,664.5,13.83,51.19,815.25,186.53,2.3,6.7,26;9;29;16;12;50,11° 1.47421' E,46° 52.01544' N,1946.65,5
169.13,669.5,13.79,52.02,815.26,186.69,2.4,5.2,26;9;29;16;13;50,11° 1.4743' E,46° 52.01471' N,1946.7,5
170.13,669.0,13.75,51.41,815.26,187.06,2.3,5.05,26;9;29;16;14;50,11° 1.47398' E,46° 52.01344' N,1943.55,5
171.13,667.5,13.62,51.93,815.26,186.11,2.3,6.95,26;9;29;16;15;59,11° 1.47434' E,46° 52.01387' N,1946.25,5
172.13,668.0,13.48,51.37,815.26,185.43,2.45,7.95,26;9;29;16;16;59,11° 1.47287' E,46° 52.01299' N,1946.05,5
173.13,667.0,13.39,51.2,815.27,185.8,2.4,6.65,26;9;29;16;17;50,11° 1.47328' E,46° 52.01445' N,1948.65,5
174.13,667.0,13.34,52.15,815.28,186.16,2.4,7.35,26;9;29;16;18;50,11° 1.47362' E,46° 52.01528' N,1947.6,5
175.13,668.0,13.38,52.57,815.29,185.69,2.55,10.0,26;9;29;16;19;50,11° 1.47429' E,46° 52.01355' N,1950.8,5
176.13,668.0,13.39,51.91,815.3,186.01,2.45,10.9,26;9;29;16;20;50,11° 1.47458' E,46° 52.01238' N,1947.9,5
177.13,668.5,13.35,51.6,815.31,186.37,2.5,8.75,26;9;29;16;21;50,11° 1.47436' E,46° 52.01219' N,1951.2,5
178.13,668.0,13.35,53.14,815.33,185.33,2.65,7.35,26;9;29;16;22;50,11° 1.47459' E,46° 52.01458' N,1952.55,5
179.13,667.5,13.28,53.52,815.34,186.32,2.5,6.5,26;9;29;16;23;50,11° 1.47344' E,46° 52.01242' N,1950.3,5
180.13,667.0,13.14,54.18,815.35,186.37,2.75,6.85,26;9;29;16;24;50,11° 1.47426' E,46° 52.0127' N,1954.35,5
181.13,667.5,13.05,54.3,815.35,185.49,3.15,11.05,26;9;29;16;25;50,11° 1.47397' E,46° 52.00719' N,1953.15,5
182.13,657.5,12.98,54.55,815.37,185.9,3.1,12.45,26;9;29;16;26;50,11° 1.47186' E,46° 52.00786' N,1960.4,5
183.13,655.0,12.92,54.75,815.38,185.7,2.8,10.05,26;9;29;16;27;50,11° 1.47352' E,46° 52.00866' N,1961.1,5
184.13,653.5,12.89,54.69,815.39,185.9,2.35,7.65,26;9;29;16;28;50,11° 1.47186' E,46° 52.01335' N,1960.55,5
185.13,652.5,12.81,54.84,815.39,185.8,2.2,7.45,26;9;29;16;29;50,11° 1.47355' E,46° 52.01193' N,1951.85,5
186.13,654.5,12.8,54.06,815.41,185.49,2.4,10.05,26;9;29;16;30;50,11° 1.47264' E,46° 52.01512' N,1949.7,5
187.13,660.5,12.72,53.97,815.43,183.76,2.35,9.9,26;9;29;16;31;50,11° 1.47203' E,46° 52.01295' N,1949.95,5
188.13,663.5,12.63,53.85,815.45,182.76,2.3,7.65,26;9;29;16;32;50,11° 1.47255' E,46° 52.01166' N,1950.15,5
189.13,665.5,12.54,54.46,815.46,181.87,2.6,8.1,26;9;29;16;33;50,11° 1.47269' E,46° 52.01092' N,1954.8,5
190.13,667.0,12.49,54.3,815.47,181.57,2.55,7.9,26;9;29;16;34;50,11° 1.47397' E,46° 52.01366' N,1954.45,5
191.13,668.0,12.47,54.62,815.48,183.36,2.3,6.3,26;9;29;16;35;50,11° 1.47448' E,46° 52.01477' N,1946.2,5
192.13,667.5,12.46,54.74,815.49,183.86,2.5,11.9,26;9;29;16;36;59,11° 1.47392' E,46° 52.01415' N,1946.95,5
193.13,669.0,12.51,54.7,815.49,184.67,2.3,5.8,26;9;29;16;37;59,11° 1.47376' E,46° 52.0148' N,1945.3,5
194.13,666.0,12.51,54.67,815.5,185.8,2.5,9.2,26;9;29;16;38;59,11° 1.47423' E,46° 52.01478' N,1946.6,5
195.13,666.0,12.43,54.95,815.52,184.27,2.1,7.8,26;9;29;16;39;59,11° 1.4736' E,46° 52.01513' N,1947.4,5
196.13,668.0,12.33,54.68,815.55,183.66,2.0,6.9,26;9;29;16;40;59,11° 1.47541' E,46° 52.01504' N,1955.75,5
197.13,666.0,12.29,55.19,815.56,184.07,2.4,10.0,26;9;29;16;41;59,11° 1.47442' E,46° 52.01914' N,1963.55,5
198.13,669.5,12.24,55.64,815.57,182.86,2.3,8.6,26;9;29;16;42;50,11° 1.47475' E,46° 52.01698' N,1956.95,5
199.13,671.0,12.15,55.9,815.57,182.56,2.5,8.1,26;9;29;16;43;50,11° 1.47391' E,46° 52.0159' N,1952.65,5
200.13,671.0,12.1,56.7,815.58,180.98,2.6,10.2,26;9;29;16;44;59,11° 1.47469' E,46° 52.01702' N,1949.85,5
201.13,670.0,11.98,57.13,815.6,180.11,2.6,10.2,26;9;29;16;45;50,11° 1.47486' E,46° 52.01776' N,1952.8,5
202.13,668.0,11.95,56.63,815.61,180.89,2.2,4.3,26;9;29;16;46;50,11° 1.47445' E,46° 52.01756' N,1953.25,5
203.13,670.0,11.94,57.14,815.6,180.2,2.7,7.6,26;9;29;16;47;50,11° 1.47493' E,46° 52.01767' N,1953.0,5
204.13,669.0,11.82,57.85,815.61,179.24,2.6,8.8,26;9;29;16;48;50,11° 1.47426' E,46° 52.01555' N,1952.95,5
205.13,669.0,11.71,58.38,815.62,177.62,2.6,9.6,26;9;29;16;49;50,11° 1.47679' E,46° 52.01813' N,1949.35,5
206.13,666.5,11.66,58.61,815.64,178.0,2.6,7.5,26;9;29;16;50;59,11° 1.47449' E,46° 52.01611' N,1949.65,5
207.13,666.5,11.58,58.96,815.64,176.41,2.6,7.0,26;9;29;16;51;59,11° 1.47452' E,46° 52.01662' N,1946.9,5
208.13,667.5,11.56,58.66,815.65,176.04,2.8,7.1,26;9;29;16;52;59,11° 1.47298' E,46° 52.01731' N,1947.7,5
209.13,669.0,11.6,57.14,815.65,176.41,2.4,5.7,26;9;29;16;53;59,11° 1.47277' E,46° 52.0168' N,1947.4,5
210.13,670.0,11.61,57.07,815.65,175.95,2.4,6.1,26;9;29;16;54;59,11° 1.47161' E,46° 52.01784' N,1953.25,5
211.13,665.5,11.62,57.95,815.65,177.44,2.3,6.2,26;9;29;16;55;59,11° 1.47167' E,46° 52.01624' N,1949.5,5
212.13,667.5,11.75,57.85,815.65,179.43,2.3,4.7,26;9;29;16;56;59,11° 1.47313' E,46° 52.01556' N,1950.95,5
213.13,662.5,11.85,57.78,815.65,181.38,2.3,5.0,26;9;29;16;57;59,11° 1.47352' E,46° 52.0166' N,1949.2,5
214.13,665.0,11.88,57.67,815.64,182.96,2.9,9.0,26;9;29;16;58;59,11° 1.47339' E,46° 52.01749' N,1953.6,5
215.13,667.0,11.87,57.23,815.63,184.88,2.6,7.0,26;9;29;16;59;59,11° 1.47177' E,46° 52.01791' N,1949.95,5
216.13,668.0,11.85,57.03,815.65,185.49,2.5,6.9,26;9;29;17;0;59,11° 1.47335' E,46° 52.01761' N,1951.1,5
217.13,666.0,11.83,56.61,815.65,185.6,2.0,3.4,26;9;29;17;1;59,11° 1.47394' E,46° 52.01695' N,1950.5,5
218.13,666.0,11.78,56.22,815.64,185.39,1.9,6.5,26;9;29;17;2;59,11° 1.47081' E,46° 52.01884' N,1946.8,5
219.13,666.0,11.69,55.97,815.65,183.46,2.0,5.4,26;9;29;17;3;59,11° 1.47207' E,46° 52.01916' N,1948.95,5
220.13,668.0,11.62,55.95,815.65,182.36,2.1,4.8,26;9;29;17;4;59,11° 1.47076' E,46° 52.02211' N,1953.65,5
221.13,670.5,11.6,56.33,815.65,181.67,3.6,9.6,26;9;29;17;5;59,11° 1.47298' E,46° 52.01883' N,1954.05,5
222.13,669.0,11.63,56.59,815.65,185.19,2.8,7.0,26;9;29;17;6;59,11° 1.47328' E,46° 52.01543' N,1951.7,5
223.13,669.5,11.6,56.61,815.64,186.21,2.1,4.5,26;9;29;17;7;59,11° 1.47153' E,46° 52.01577' N,1947.75,5
224.13,670.0,11.59,56.78,815.64,185.33,2.4,6.5,26;9;29;17;8;59,11° 1.47145' E,46° 52.01609' N,1947.8,5
225.13,672.0,11.54,56.88,815.64,186.22,1.9,4.0,26;9;29;17;9;59,11° 1.47306' E,46° 52.01571' N,1949.8,5
226.13,670.5,11.48,57.01,815.63,186.53,1.9,5.4,26;9;29;17;10;59,11° 1.47346' E,46° 52.01568' N,1947.75,5
227.13,666.0,11.39,57.27,815.64,186.53,2.1,7.0,26;9;29;17;11;59,11° 1.47429' E,46° 52.01602' N,1947.25,5
228.13,666.0,11.34,57.34,815.65,186.11,2.1,5.6,26;9;29;17;12;59,11° 1.47323' E,46° 52.01239' N,1944.65,5
229.13,666.5,11.3,56.46,815.64,185.39,2.1,3.5,26;9;29;17;13;59,11° 1.47162' E,46° 52.01599' N,1945.5,5
230.13,665.5,11.25,56.55,815.65,185.19,1.9,4.5,26;9;29;17;14;59,11° 1.47251' E,46° 52.01567' N,1946.1,5
231.13,666.0,11.24,56.93,815.66,185.9,1.8,5.2,26;9;29;17;15;59,11° 1.47413' E,46° 52.01424' N,1945.85,5
232.13,665.0,11.26,56.77,815.66,185.54,1.8,5.1,26;9;29;17;16;59,11° 1.47363' E,46° 52.01608' N,1944.55,5
233.13,667.0,11.25,57.09,815.67,186.8,1.7,2.6,26;9;29;17;17;50,11° 1.47318' E,46° 52.01211' N,1942.9,5
234.13,666.0,11.24,57.34,815.67,187.76,1.9,3.4,26;9;29;17;18;50,11° 1.47299' E,46° 52.01399' N,1942.4,5
235.13,655.5,11.14,57.58,815.68,188.46,1.7,4.0,26;9;29;17;19;50,11° 1.47341' E,46° 52.01197' N,1939.3,5
236.13,660.5,11.07,57.71,815.69,188.94,1.7,2.8,26;9;29;17;20;50,11° 1.47241' E,46° 52.01287' N,1938.75,5
237.13,662.0,11.02,57.48,815.69,188.56,1.6,3.0,26;9;29;17;21;59,11° 1.47343' E,46° 52.01373' N,1940.5,5
238.13,664.5,10.97,57.07,815.71,185.59,1.7,2.7,26;9;29;17;22;50,11° 1.47252' E,46° 52.01332' N,1943.95,5
239.13,669.5,10.92,57.2,815.71,186.01,2.1,4.5,26;9;29;17;23;50,11° 1.47308' E,46° 52.01397' N,1943.85,5
240.13,671.5,10.97,57.68,815.72,186.06,2.2,3.6,26;9;29;17;24;50,11° 1.47235' E,46° 52.01138' N,1943.1,5
241.13,671.5,11.01,57.93,815.73,186.9,1.8,3.3,26;9;29;17;25;50,11° 1.47188' E,46° 52.01317' N,1944.4,5
242.13,671.5,11.03,57.93,815.72,188.13,2.0,6.4,26;9;29;17;26;59,11° 1.47091' E,46° 52.01307' N,1942.6,5
243.13,669.0,11.02,57.63,815.73,188.72,1.7,3.3,26;9;29;17;27;59,11° 1.47167' E,46° 52.01477' N,1945.3,5
244.13,667.0,11.0,57.55,815.74,189.38,1.8,3.2,26;9;29;17;28;50,11° 1.47099' E,46° 52.01399' N,1945.75,5
245.13,666.0,10.98,57.5,815.75,189.49,1.7,2.3,26;9;29;17;29;50,11° 1.47001' E,46° 52.0152' N,1942.35,5
246.13,666.0,10.92,57.51,815.74,190.58,1.5,5.5,26;9;29;17;30;50,11° 1.47221' E,46° 52.01483' N,1945.1,5
247.13,666.5,10.89,57.72,815.75,190.31,1.6,2.4,26;9;29;17;31;50,11° 1.47236' E,46° 52.01459' N,1943.1,5
248.13,666.0,10.8,57.96,815.75,190.03,1.9,2.9,26;9;29;17;32;50,11° 1.47411' E,46° 52.01472' N,1945.6,5
249.13,665.0,10.75,57.78,815.75,189.49,1.8,3.4,26;9;29;17;33;50,11° 1.47376' E,46° 52.01631' N,1943.0,5
250.13,668.0,10.65,57.76,815.75,187.23,1.8,2.7,26;9;29;17;34;50,11° 1.47262' E,46° 52.01475' N,1940.3,5
251.13,671.0,10.57,57.71,815.76,186.01,1.7,5.3,26;9;29;17;35;50,11° 1.4731' E,46° 52.01583' N,1940.2,5
252.13,672.5,10.55,58.09,815.77,186.63,1.9,4.1,26;9;29;17;36;50,11° 1.47292' E,46° 52.01601' N,1943.5,5
253.13,675.0,10.53,58.05,815.77,186.84,1.8,3.0,26;9;29;17;37;50,11° 1.47226' E,46° 52.01555' N,1941.75,5
254.13,675.0,10.52,58.33,815.79,185.54,1.8,3.7,26;9;29;17;38;50,11° 1.4735' E,46° 52.01441' N,1944.0,5
255.13,680.5,10.54,58.04,815.78,186.48,1.8,2.6,26;9;29;17;39;50,11° 1.47337' E,46° 52.01528' N,1945.05,5
256.13,679.0,10.54,57.85,815.79,187.01,1.6,2.7,26;9;29;17;40;50,11° 1.47311' E,46° 52.01555' N,1939.95,5
257.13,679.0,10.45,58.02,815.81,187.22,1.5,3.8,26;9;29;17;41;50,11° 1.47277' E,46° 52.01667' N,1938.25,5
258.13,679.0,10.5,58.23,815.8,189.59,1.5,3.3,26;9;29;17;42;50,11° 1.47384' E,46° 52.01601' N,1940.7,5
259.13,676.5,10.57,58.31,815.81,190.25,1.7,2.8,26;9;29;17;43;59,11° 1.47238' E,46° 52.01466' N,1943.65,5
260.13,674.0,10.59,58.48,815.82,189.76,1.6,2.9,26;9;29;17;44;59,11° 1.47317' E,46° 52.01578' N,1942.85,5
261.13,662.5,10.56,58.53,815.83,191.02,1.8,3.7,26;9;29;17;45;59,11° 1.4728' E,46° 52.0172' N,1938.85,5
262.13,663.5,10.48,58.72,815.85,190.8,1.8,3.7,26;9;29;17;46;59,11° 1.47224' E,46° 52.01611' N,1939.2,5
263.13,661.0,10.47,58.57,815.85,191.3,1.6,5.6,26;9;29;17;47;59,11° 1.47266' E,46° 52.01641' N,1941.45,5
264.13,663.0,10.43,57.8,815.86,188.19,1.8,3.7,26;9;29;17;48;59,11° 1.47266' E,46° 52.01637' N,1940.15,5
265.13,667.5,10.3,57.9,815.88,186.53,1.7,3.3,26;9;29;17;49;59,11° 1.47319' E,46° 52.01592' N,1941.45,5
266.13,672.0,10.2,57.73,815.89,185.6,1.6,3.4,26;9;29;17;50;50,11° 1.47354' E,46° 52.01625' N,1941.95,5
267.13,671.5,10.14,58.51,815.92,185.8,1.8,3.7,26;9;29;17;51;59,11° 1.47309' E,46° 52.01647' N,1942.95,5
268.13,672.5,10.19,58.59,815.92,186.9,1.8,3.7,26;9;29;17;52;59,11° 1.47233' E,46° 52.01568' N,1942.7,5
269.13,675.5,10.08,59.45,815.93,186.22,1.6,3.3,26;9;29;17;53;59,11° 1.473' E,46° 52.01555' N,1944.75,5
270.13,675.0,9.98,59.4,815.94,187.76,1.5,2.7,26;9;29;17;54;59,11° 1.47273' E,46° 52.01553' N,1945.15,5
271.13,674.0,10.01,58.72,815.95,187.33,1.7,6.6,26;9;29;17;55;59,11° 1.47379' E,46° 52.01537' N,1948.25,5
272.13,675.0,9.99,58.48,815.96,185.54,1.7,3.9,26;9;29;17;56;59,11° 1.47356' E,46° 52.01603' N,1946.1,5
273.13,675.0,10.0,58.53,815.96,186.58,1.5,2.8,26;9;29;17;57;59,11° 1.47313' E,46° 52.01714' N,1945.05,5
274.13,677.5,10.02,59.08,815.96,186.53,1.6,2.8,26;9;29;17;58;50,11° 1.47333' E,46° 52.01656' N,1943.15,5
275.13,676.0,9.96,59.54,815.96,186.27,1.6,3.0,26;9;29;17;59;50,11° 1.47403' E,46° 52.01652' N,1945.95,5
276.13,676.0,9.87,59.58,815.98,186.32,1.6,3.8,26;9;29;18;0;59,11° 1.47378' E,46° 52.01683' N,1946.1,5
277.13,676.5,9.84,59.78,815.98,186.63,1.7,3.7,26;9;29;18;1;59,11° 1.47389' E,46° 52.01774' N,1941.65,5
278.13,675.5,9.98,59.61,815.98,187.92,1.8,3.5,26;9;29;18;2;50,11° 1.47427' E,46° 52.01601' N,1942.9,5
279.13,675.5,10.04,58.75,815.98,188.13,1.5,3.0,26;9;29;18;3;59,11° 1.47403' E,46° 52.01583' N,1944.25,5
280.13,676.0,10.01,58.73,815.98,186.11,1.7,6.4,26;9;29;18;4;59,11° 1.47442' E,46° 52.01674' N,1946.05,5
281.13,673.0,10.0,58.72,815.98,186.01,1.5,2.4,26;9;29;18;5;59,11° 1.47485' E,46° 52.01422' N,1947.7,5
282.13,674.5,9.93,58.61,815.98,186.11,1.4,2.4,26;9;29;18;6;59,11° 1.47441' E,46° 52.01559' N,1944.45,5
283.13,674.5,9.86,59.07,816.0,186.22,1.8,4.2,26;9;29;18;7;59,11° 1.47373' E,46° 52.01409' N,1945.5,5
284.13,673.0,9.84,58.82,815.99,185.38,4.0,7.3,26;9;29;18;8;59,11° 1.47392' E,46° 52.01362' N,1944.75,5
285.13,672.5,9.87,59.17,816.0,186.53,2.3,4.8,26;9;29;18;9;59,11° 1.47451' E,46° 52.01402' N,1944.45,5
286.13,672.0,10.01,59.14,815.99,188.83,1.5,2.7,26;9;29;18;10;59,11° 1.4742' E,46° 52.01624' N,1942.4,5
287.13,669.5,10.06,59.16,815.98,191.36,1.5,3.1,26;9;29;18;11;59,11° 1.47471' E,46° 52.01432' N,1940.45,5
288.13,668.0,10.04,58.58,815.98,190.2,1.5,3.3,26;9;29;18;12;59,11° 1.47459' E,46° 52.01095' N,1942.05,5
289.13,670.0,10.04,58.59,815.98,191.02,1.6,3.7,26;9;29;18;13;59,11° 1.47482' E,46° 52.01736' N,1946.7,5
290.13,670.0,10.08,58.43,815.98,192.7,1.6,2.8,26;9;29;18;14;59,11° 1.47482' E,46° 52.018' N,1941.1,5
291.13,670.0,10.11,58.49,815.99,193.61,1.8,3.5,26;9;29;18;15;50,11° 1.47364' E,46° 52.01787' N,1940.15,5
292.13,671.0,10.06,58.47,815.99,191.14,1.7,4.8,26;9;29;18;16;50,11° 1.47378' E,46° 52.01781' N,1938.9,5
293.13,673.0,9.95,58.3,815.99,186.8,1.5,2.6,26;9;29;18;17;50,11° 1.47343' E,46° 52.01439' N,1942.7,5
294.13,674.0,9.85,58.37,815.99,186.11,2.0,3.1,26;9;29;18;18;50,11° 1.473' E,46° 52.01543' N,1941.15,5
295.13,677.0,9.79,58.78,816.0,186.21,2.0,4.0,26;9;29;18;19;50,11° 1.47487' E,46° 52.01414' N,1943.85,5
296.13,678.0,9.76,58.77,816.0,185.95,1.9,4.45,26;9;29;18;20;50,11° 1.47472' E,46° 52.01411' N,1946.3,5
297.13,677.0,9.72,59.16,816.01,186.53,2.2,5.15,26;9;29;18;21;50,11° 1.47412' E,46° 52.01533' N,1948.6,5
298.13,678.0,9.72,58.85,816.01,186.11,2.7,5.3,26;9;29;18;22;50,11° 1.47295' E,46° 52.01629' N,1941.05,5
299.13,677.5,9.74,59.08,816.01,187.49,2.15,3.65,26;9;29;18;23;59,11° 1.47412' E,46° 52.01376' N,1944.9,5
300.13,675.0,9.72,59.33,816.01,186.85,1.45,3.05,26;9;29;18;24;50,11° 1.47036' E,46° 52.01221' N,1942.4,5
301.13,676.0,9.75,59.38,816.0,188.13,1.5,3.7,26;9;29;18;25;50,11° 1.47181' E,46° 52.01487' N,1936.7,5
302.13,672.0,9.83,59.04,816.01,189.98,1.55,3.25,26;9;29;18;26;50,11° 1.47202' E,46° 52.01581' N,1938.55,5
303.13,672.5,9.78,58.77,816.02,187.76,1.5,3.15,26;9;29;18;27;50,11° 1.47337' E,46° 52.01599' N,1941.0,5
304.13,672.0,9.71,59.19,816.02,186.64,2.05,5.05,26;9;29;18;28;50,11° 1.47205' E,46° 52.01506' N,1938.35,5
305.13,674.0,9.65,59.81,816.02,188.35,2.15,4.85,26;9;29;18;29;50,11° 1.473' E,46° 52.01659' N,1940.2,5
306.13,675.0,9.66,59.55,816.03,189.32,1.65,3.15,26;9;29;18;30;50,11° 1.47343' E,46° 52.01459' N,1943.65,5
307.13,672.0,9.68,59.42,816.04,190.36,1.65,3.5,26;9;29;18;31;50,11° 1.47424' E,46° 52.01703' N,1945.95,5
308.13,671.0,9.65,59.75,816.04,190.42,1.6,2.95,26;9;29;18;32;50,11° 1.4741' E,46° 52.02018' N,1946.5,5
309.13,669.5,9.7,59.27,816.05,191.02,1.45,2.4,26;9;29;18;33;50,11° 1.47403' E,46° 52.01921' N,1946.7,5
310.13,669.5,9.63,59.02,816.06,187.44,1.3,2.2,26;9;29;18;34;50,11° 1.47193' E,46° 52.01468' N,1939.9,5
311.13,670.0,9.59,59.31,816.07,188.89,1.35,2.4,26;9;29;18;35;50,11° 1.47335' E,46° 52.0188' N,1939.2,5
312.13,672.0,9.61,59.78,816.07,190.42,1.45,2.8,26;9;29;18;36;50,11° 1.47327' E,46° 52.01684' N,1941.95,5
313.13,672.5,9.65,59.49,816.09,191.36,1.45,3.4,26;9;29;18;37;50,11° 1.47252' E,46° 52.01762' N,1940.9,5
314.13,673.0,9.6,59.31,816.09,188.62,1.5,3.25,26;9;29;18;38;50,11° 1.47235' E,46° 52.01855' N,1939.5,5
315.13,674.5,9.55,59.16,816.1,187.65,1.4,3.2,26;9;29;18;39;50,11° 1.47237' E,46° 52.01716' N,1942.2,5
316.13,675.0,9.6,59.15,816.11,189.98,1.3,3.9,26;9;29;18;40;50,11° 1.47272' E,46° 52.01686' N,1941.3,5
317.13,673.0,9.65,59.01,816.12,193.38,1.7,2.6,26;9;29;18;41;50,11° 1.47171' E,46° 52.02085' N,1941.75,5
318.13,671.0,9.59,59.25,816.12,192.42,1.2,2.0,26;9;29;18;42;50,11° 1.47134' E,46° 52.0179' N,1941.75,5
319.13,672.5,9.58,59.21,816.13,194.58,1.3,2.0,26;9;29;18;43;50,11° 1.47094' E,46° 52.01878' N,1940.2,5
320.13,672.0,9.61,58.98,816.11,195.16,1.5,2.3,26;9;29;18;44;50,11° 1.47247' E,46° 52.01844' N,1938.4,5
321.13,672.0,9.51,59.4,816.12,193.95,1.5,2.6,26;9;29;18;45;50,11° 1.47349' E,46° 52.01742' N,1942.5,5
322.13,671.5,9.4,59.68,816.13,194.58,1.4,2.1,26;9;29;18;46;50,11° 1.47303' E,46° 52.01868' N,1941.85,5
323.13,670.0,9.42,59.5,816.12,194.12,1.3,2.1,26;9;29;18;47;50,11° 1.47191' E,46° 52.01668' N,1943.0,5
324.13,668.0,9.45,59.35,816.12,192.76,1.4,1.9,26;9;29;18;48;50,11° 1.47324' E,46° 52.01746' N,1943.55,5
325.13,668.0,9.45,59.11,816.11,192.53,1.6,3.2,26;9;29;18;49;50,11° 1.47345' E,46° 52.01564' N,1945.5,5
326.13,667.0,9.51,59.16,816.11,194.75,1.4,2.4,26;9;29;18;50;50,11° 1.47388' E,46° 52.01606' N,1940.45,5
327.13,667.5,9.57,59.12,816.11,196.61,1.2,1.9,26;9;29;18;51;50,11° 1.47328' E,46° 52.01907' N,1942.8,5
328.13,668.0,9.57,59.07,816.1,196.79,1.9,2.4,26;9;29;18;52;50,11° 1.47267' E,46° 52.01772' N,1940.5,5
329.13,671.0,9.52,58.97,816.11,195.33,1.8,2.5,26;9;29;18;53;50,11° 1.47244' E,46° 52.0163' N,1947.95,5
330.13,669.0,9.51,59.35,816.12,195.97,1.7,3.4,26;9;29;18;54;50,11° 1.47324' E,46° 52.0161' N,1949.75,5
331.13,669.0,9.5,59.3,816.12,197.56,1.7,3.0,26;9;29;18;55;50,11° 1.4733' E,46° 52.01659' N,1942.7,5
332.13,669.0,9.4,59.38,816.13,195.97,1.9,2.4,26;9;29;18;56;50,11° 1.47182' E,46° 52.01784' N,1945.05,5
333.13,669.5,9.32,59.07,816.13,192.59,1.8,2.9,26;9;29;18;57;59,11° 1.47327' E,46° 52.01773' N,1943.9,5
334.13,671.0,9.25,59.86,816.14,191.69,2.3,2.5,26;9;29;18;58;50,11° 1.47208' E,46° 52.01591' N,1943.35,5
335.13,672.5,9.16,60.05,816.14,191.13,2.1,3.6,26;9;29;18;59;50,11° 1.47275' E,46° 52.01806' N,1947.85,5
336.13,672.0,9.14,60.09,816.15,191.86,1.5,2.4,26;9;29;19;0;59,11° 1.47323' E,46° 52.01659' N,1947.3,5
337.13,673.5,9.14,59.63,816.14,190.53,2.5,3.5,26;9;29;19;1;59,11° 1.47516' E,46° 52.01722' N,1943.8,5
338.13,673.0,9.14,59.61,816.14,187.81,1.7,2.2,26;9;29;19;2;50,11° 1.47466' E,46° 52.01752' N,1945.45,5
339.13,673.5,9.16,59.62,816.16,188.24,1.6,1.9,26;9;29;19;3;59,11° 1.47369' E,46° 52.01803' N,1937.6,5
340.13,674.0,9.23,59.93,816.15,190.47,2.1,2.5,26;9;29;19;4;50,11° 1.47504' E,46° 52.01661' N,1942.15,5
341.13,674.0,9.34,59.43,816.17,193.89,2.0,2.5,26;9;29;19;5;50,11° 1.47388' E,46° 52.01751' N,1942.7,5
342.13,671.0,9.37,59.08,816.17,197.2,2.5,4.5,26;9;29;19;6;50,11° 1.47312' E,46° 52.01842' N,1942.25,5
343.13,668.5,9.34,59.22,816.16,199.59,4.7,5.1,26;9;29;19;7;50,11° 1.47203' E,46° 52.01579' N,1943.4,5
344.13,668.0,9.33,59.13,816.17,199.77,6.1,6.7,26;9;29;19;8;59,11° 1.47431' E,46° 52.01769' N,1942.8,5
345.13,670.0,9.28,59.22,816.18,199.11,4.4,4.9,26;9;29;19;9;50,11° 1.47195' E,46° 52.02048' N,1944.4,5
346.13,670.0,9.21,59.31,816.18,198.51,3.7,4.1,26;9;29;19;10;59,11° 1.47356' E,46° 52.0167' N,1945.6,5
347.13,670.5,9.2,59.23,816.18,197.85,2.5,3.1,26;9;29;19;11;59,11° 1.47411' E,46° 52.01781' N,1952.5,5
348.13,670.0,9.18,59.45,816.18,198.93,5.1,5.7,26;9;29;19;12;59,11° 1.47445' E,46° 52.02041' N,1952.45,5
349.13,672.0,9.14,59.45,816.18,199.17,4.0,4.4,26;9;29;19;13;50,11° 1.47472' E,46° 52.01958' N,1957.05,5
350.13,673.0,9.11,59.05,816.19,195.39,4.0,4.6,26;9;29;19;14;50,11° 1.47545' E,46° 52.01853' N,1960.25,5
351.13,675.0,8.99,59.17,816.19,192.64,6.5,7.2,26;9;29;19;15;50,11° 1.47427' E,46° 52.01881' N,1949.9,5
352.13,674.0,8.97,59.48,816.19,194.47,4.1,5.0,26;9;29;19;16;50,11° 1.4753' E,46° 52.02038' N,1951.45,5
353.13,674.0,9.01,59.44,816.2,194.87,4.0,4.4,26;9;29;19;17;50,11° 1.47426' E,46° 52.01589' N,1947.4,5
354.13,673.5,9.07,59.72,816.22,197.08,5.4,6.9,26;9;29;19;18;50,11° 1.47324' E,46° 52.01619' N,1943.7,5
355.13,673.5,9.1,59.65,816.22,198.45,5.7,6.3,26;9;29;19;19;50,11° 1.47353' E,46° 52.01584' N,1939.55,5
356.13,671.0,9.03,59.52,816.22,197.26,5.2,5.7,26;9;29;19;20;50,11° 1.47399' E,46° 52.01494' N,1942.15,5
357.13,670.0,9.0,59.96,816.22,197.67,6.4,7.0,26;9;29;19;21;50,11° 1.47185' E,46° 52.01161' N,1935.4,5
358.13,671.0,8.99,59.92,816.24,197.91,5.4,7.1,26;9;29;19;22;50,11° 1.47434' E,46° 52.01561' N,1940.2,5
359.13,670.5,8.95,59.69,816.24,197.2,8.1,8.8,26;9;29;19;23;50,11° 1.47455' E,46° 52.01457' N,1944.8,5
360.13,670.5,8.87,59.92,816.24,195.97,6.8,7.4,26;9;29;19;24;59,11° 1.47421' E,46° 52.01423' N,1946.25,5
361.13,670.5,8.83,60.12,816.24,196.03,6.1,6.8,26;9;29;19;25;50,11° 1.47396' E,46° 52.01485' N,1940.85,5
362.13,669.0,8.82,60.29,816.24,197.62,9.1,10.0,26;9;29;19;26;50,11° 1.47391' E,46° 52.01484' N,1941.2,5
363.13,670.0,8.82,60.28,816.25,198.39,8.9,9.8,26;9;29;19;27;59,11° 1.4729' E,46° 52.01444' N,1937.6,5
364.13,671.5,8.8,60.2,816.26,198.03,9.1,10.0,26;9;29;19;28;59,11° 1.47307' E,46° 52.01441' N,1936.35,5
365.13,672.0,8.78,60.09,816.26,197.91,10.4,11.4,26;9;29;19;29;59,11° 1.47324' E,46° 52.01471' N,1940.05,5
366.13,674.0,8.75,60.02,816.27,196.55,9.9,10.8,26;9;29;19;30;59,11° 1.47015' E,46° 52.01206' N,1928.65,5
Tijd,CO2,TempBME,RHBME,Press,Rvoc,PM2.5,PM10,TijdGPS,LengteGr,BreedteGr,Hoogte,Sensornummer
Tijd,CO2,TempBME,RHBME,Press,Rvoc,PM2.5,PM10,TijdGPS,LengteGr,BreedteGr,Hoogte,Sensornummer
Tijd,CO2,TempBME,RHBME,Press,Rvoc,PM2.5,PM10,TijdGPS,LengteGr,BreedteGr,Hoogte,Sensornummer
1.12,1150.5,19.01,47.42,816.34,41.13,0.95,4.4,0;0;0;0;0;0,0,0,0,5
2.12,1784.0,19.1,47.46,816.33,56.33,2.15,9.1,0;0;0;0;0;0,0,0,0,5
3.12,1941.0,19.19,48.01,816.33,70.02,2.2,7.95,0;0;0;0;0;0,0,0,0,5
4.12,1965.0,19.3,47.85,816.33,79.25,2.15,7.7,26;9;29;20;30;56,0,0,0,5
5.12,1974.5,19.43,47.58,816.33,85.61,2.45,7.5,26;9;29;20;31;56,0,0,0,5
Tijd,CO2,TempBME,RHBME,Press,Rvoc,PM2.5,PM10,TijdGPS,LengteGr,BreedteGr,Hoogte,Sensornummer
1.13,1238.0,19.73,48.39,816.34,84.45,1.1,3.2,0;0;0;0;0;0,0,0,0,5
2.13,1880.5,19.88,48.72,816.33,88.37,2.3,7.4,0;0;0;0;0;0,0,0,0,5
3.13,2011.0,20.05,48.89,816.35,90.86,2.35,8.7,0;0;0;0;0;0,0,0,0,5
4.13,2029.0,20.22,48.65,816.35,92.82,2.25,8.7,0;0;0;0;0;0,0,0,0,5
5.13,2039.0,20.36,48.98,816.35,93.76,2.25,9.8,26;9;29;20;37;52,0,0,0,5
6.13,2059.0,20.5,48.74,816.35,94.44,2.2,11.65,26;9;29;20;38;52,0,0,0,5
7.13,2075.0,20.62,49.09,816.35,94.76,2.15,10.4,26;9;29;20;39;52,0,0,0,5
8.13,2099.5,20.74,49.08,816.35,95.25,2.25,10.5,26;9;29;20;40;52,0,0,0,5
9.13,2117.5,20.84,48.98,816.34,94.41,2.5,13.6,26;9;29;20;41;49,0,0,0,5
10.13,2128.0,20.93,48.97,816.32,94.05,2.45,12.0,26;9;29;20;42;49,0,0,0,5
11.13,2145.5,21.02,48.86,816.31,94.29,2.1,9.95,26;9;29;20;43;49,0,0,0,5
12.13,2155.5,21.1,48.28,816.29,95.66,2.15,10.55,26;9;29;20;44;49,0,0,0,5
13.13,2173.5,21.16,48.46,816.29,96.35,2.2,9.6,26;9;29;20;45;49,0,0,0,5
14.13,2209.5,21.2,48.16,816.3,97.36,2.15,9.65,26;9;29;20;46;49,0,0,0,5
15.13,2223.0,21.28,48.42,816.3,96.85,2.25,10.7,26;9;29;20;47;49,0,0,0,5
16.13,2226.5,21.35,48.23,816.31,97.44,2.3,10.5,26;9;29;20;48;49,0,0,0,5
Tijd,CO2,TempBME,RHBME,Press,Rvoc,PM2.5,PM10,TijdGPS,LengteGr,BreedteGr,Hoogte,Sensornummer
1.13,2123.5,20.68,48.64,815.41,16.16,0.25,0.65,0;0;0;0;0;0,0,0,0,5
2.13,3002.5,20.76,48.6,815.4,27.58,0.7,2.6,0;0;0;0;0;0,0,0,0,5
3.13,3209.5,20.85,48.7,815.4,41.14,0.8,2.95,0;0;0;0;0;0,0,0,0,5
4.13,3269.0,20.98,48.72,815.4,52.0,0.75,3.05,0;0;0;0;0;0,0,0,0,5
5.13,3308.0,21.11,48.76,815.4,60.38,0.7,3.3,0;0;0;0;0;0,0,0,0,5
Tijd,CO2,TempBME,RHBME,Press,Rvoc,PM2.5,PM10,TijdGPS,LengteGr,BreedteGr,Hoogte,Sensornummer
1.13,2389.0,21.71,51.15,815.41,56.14,0.45,0.95,0;0;0;0;0;0,0,0,0,5
2.13,3161.5,21.9,48.86,815.42,65.53,0.7,1.55,0;0;0;0;0;0,0,0,0,5
3.13,3286.0,21.9,48.51,815.42,73.1,0.6,1.6,0;0;0;0;0;0,0,0,0,5
4.13,3285.0,21.86,48.45,815.41,78.29,0.7,2.85,0;0;0;0;0;0,0,0,0,5
5.13,3286.5,21.84,48.47,815.41,81.93,0.7,3.45,0;0;0;0;0;0,0,0,0,5
6.13,3288.5,21.85,48.4,815.41,85.05,0.85,2.65,0;0;0;0;0;0,0,0,0,5
7.13,3330.0,21.88,48.39,815.41,86.99,0.8,2.4,0;0;0;0;0;0,0,0,0,5
8.13,3359.5,21.92,48.25,815.42,89.07,0.65,2.9,0;0;0;0;0;0,0,0,0,5
9.13,3384.0,21.94,48.29,815.43,90.91,0.8,4.7,0;0;0;0;0;0,0,0,0,5
10.13,3437.5,21.95,48.35,815.42,92.0,0.95,5.5,0;0;0;0;0;0,0,0,0,5
Tijd,CO2,TempBME,RHBME,Press,Rvoc,PM2.5,PM10,TijdGPS,LengteGr,BreedteGr,Hoogte,Sensornummer
1.14,874.5,17.66,37.39,815.53,87.26,124.0,136.05,26;9;30;5;6;35,11° 1.51815' E,46° 52.05514' N,1962.0,5
2.14,785.5,15.08,39.88,815.61,126.48,210.4,232.1,26;9;30;5;7;35,11° 1.50817' E,46° 52.0402' N,1967.0,5
3.14,734.5,12.72,43.67,815.7,153.0,141.5,157.4,26;9;30;5;8;35,11° 1.51184' E,46° 52.04099' N,1956.6,5
4.14,709.0,11.23,46.17,815.74,171.63,77.25,85.9,26;9;30;5;9;35,11° 1.50957' E,46° 52.03911' N,1962.6,5
5.14,687.0,10.34,48.12,815.78,181.68,38.35,42.55,26;9;30;5;10;35,11° 1.51002' E,46° 52.04074' N,1962.1,5
6.14,672.0,9.76,49.55,815.82,187.54,33.8,37.45,26;9;30;5;11;35,11° 1.50945' E,46° 52.04093' N,1954.9,5
7.14,670.0,9.42,50.42,815.83,193.04,30.2,33.25,26;9;30;5;12;35,11° 1.51129' E,46° 52.04157' N,1950.5,5
8.14,709.0,9.14,50.67,815.85,198.46,23.65,26.0,26;9;30;5;13;35,11° 1.51012' E,46° 52.04038' N,1953.0,5
Tijd,CO2,TempBME,RHBME,Press,Rvoc,PM2.5,PM10,TijdGPS,LengteGr,BreedteGr,Hoogte,Sensornummer
1.12,2333.5,11.11,62.8,815.84,119.56,0.75,2.6,26;9;30;5;17;20,0,0,0,5
2.12,2684.0,12.34,58.82,815.83,120.72,1.4,5.65,26;9;30;5;18;19,0,0,0,5
3.12,2485.0,13.56,55.61,815.77,127.19,1.15,5.55,26;9;30;5;19;10,0,0,0,5
4.12,1662.0,14.48,51.04,815.74,144.4,0.9,3.55,26;9;30;5;20;10,11° 1.58393' E,46° 52.07136' N,2040.6,5
5.12,1353.0,15.08,48.97,815.71,152.41,0.8,2.9,26;9;30;5;21;20,11° 1.56749' E,46° 52.0552' N,1993.7,5
6.12,1246.0,15.51,48.54,815.66,156.32,0.9,4.15,26;9;30;5;22;19,11° 1.56466' E,46° 52.05545' N,1991.3,5
7.12,1227.0,15.86,48.43,815.65,156.91,1.1,4.95,26;9;30;5;23;19,11° 1.54659' E,46° 52.05461' N,1978.3,5
8.12,1154.0,16.18,47.89,815.65,157.28,1.0,3.8,26;9;30;5;24;10,11° 1.54377' E,46° 52.04615' N,1956.6,5
9.12,1095.0,16.45,47.11,815.64,161.45,0.9,2.5,26;9;30;5;25;10,11° 1.54858' E,46° 52.04084' N,1942.7,5
10.12,1015.5,16.65,45.83,815.65,165.68,1.0,2.5,26;9;30;5;26;19,11° 1.53017' E,46° 52.02914' N,1930.4,5
11.12,929.0,16.73,44.43,815.65,171.36,0.95,2.8,26;9;30;5;27;20,11° 1.4894' E,46° 52.04' N,1921.9,5
12.12,890.5,16.77,44.31,815.64,175.03,0.85,3.5,26;9;30;5;28;20,11° 1.52688' E,46° 52.04342' N,1922.3,5
13.12,864.5,16.85,43.92,815.65,177.25,0.9,4.0,26;9;30;5;29;19,11° 1.53572' E,46° 52.04173' N,1922.6,5
14.12,856.5,16.92,44.3,815.64,177.16,0.95,3.0,26;9;30;5;30;10,11° 1.52992' E,46° 52.03997' N,1922.6,5
15.12,851.5,17.04,45.08,815.65,171.97,0.85,1.95,26;9;30;5;31;19,11° 1.55259' E,46° 52.03255' N,1922.6,5
16.12,853.5,17.18,44.75,815.65,171.36,0.8,2.2,26;9;30;5;32;20,11° 1.69527' E,46° 52.00403' N,1922.7,5
17.12,845.0,17.29,44.11,815.66,171.8,0.9,1.9,26;9;30;5;33;20,11° 1.62614' E,46° 52.02025' N,1923.2,5
18.12,841.5,17.35,43.47,815.67,174.48,0.9,2.7,26;9;30;5;34;19,11° 1.58163' E,46° 52.02323' N,1923.1,5
19.12,797.5,17.41,42.62,815.66,179.44,1.0,3.2,26;9;30;5;35;20,11° 1.55456' E,46° 52.02684' N,1923.05,5
20.12,782.5,17.48,43.25,815.65,178.57,2.1,4.9,26;9;30;5;36;19,11° 1.53094' E,46° 52.03803' N,1923.0,5
21.12,777.0,17.56,42.54,815.65,180.3,8.2,13.5,26;9;30;5;37;20,11° 1.63284' E,46° 52.04402' N,1967.6,5
22.12,760.5,17.61,41.52,815.64,184.07,3.0,4.8,26;9;30;5;38;10,11° 1.52084' E,46° 52.05851' N,2039.5,5
23.12,751.0,17.53,40.45,815.65,187.92,1.7,3.5,26;9;30;5;39;19,11° 1.53243' E,46° 52.05445' N,2022.4,5
24.12,744.5,17.4,41.51,815.68,185.96,1.1,1.9,26;9;30;5;40;20,11° 1.62264' E,46° 52.03879' N,2022.3,5
25.12,742.0,17.4,42.09,815.69,184.27,1.1,4.9,26;9;30;5;41;10,11° 1.74698' E,46° 52.01445' N,2022.3,5
26.12,748.0,17.51,41.77,815.66,184.98,1.0,2.9,26;9;30;5;42;10,11° 1.67204' E,46° 52.03092' N,2022.3,5
27.12,745.0,17.61,41.19,815.64,185.7,1.0,3.0,26;9;30;5;43;10,11° 1.73361' E,46° 52.01953' N,2022.4,5
28.12,752.0,17.71,41.28,815.65,184.78,0.9,1.5,26;9;30;5;44;10,11° 1.71258' E,46° 52.02501' N,2022.3,5
29.12,848.5,17.78,40.25,815.66,185.9,1.0,4.1,26;9;30;5;45;10,11° 1.57454' E,46° 52.04692' N,2022.5,5
30.12,928.0,17.78,39.95,815.67,185.7,1.1,3.4,26;9;30;5;46;10,11° 1.56243' E,46° 52.04828' N,2021.9,5
31.12,990.0,17.84,40.18,815.66,184.27,0.9,6.7,26;9;30;5;47;19,11° 1.57256' E,46° 52.04305' N,2013.1,5
32.12,1020.5,17.99,39.71,815.65,184.88,0.9,4.4,26;9;30;5;48;20,11° 1.52904' E,46° 52.04754' N,1979.6,5
33.12,1024.5,18.1,38.99,815.65,186.01,1.0,2.7,26;9;30;5;49;19,11° 1.61351' E,46° 52.02329' N,1987.6,5
34.12,1037.5,18.18,39.04,815.66,186.63,0.9,4.1,26;9;30;5;50;20,11° 1.57744' E,46° 52.03662' N,2010.7,5
35.12,1039.0,18.24,38.93,815.65,186.11,1.0,5.9,26;9;30;5;51;10,11° 1.54734' E,46° 52.04467' N,1992.5,5
36.12,1043.0,18.28,38.84,815.67,186.01,1.1,4.9,26;9;30;5;52;10,11° 1.49745' E,46° 52.05577' N,1954.8,5
37.12,1043.5,18.3,38.83,815.67,186.69,1.1,3.8,26;9;30;5;53;19,11° 1.54053' E,46° 52.04004' N,1938.2,5
38.12,1003.0,18.27,38.4,815.68,189.43,1.0,3.7,26;9;30;5;54;10,11° 1.5399' E,46° 52.04203' N,1938.8,5
39.12,974.5,18.25,38.08,815.69,191.69,1.0,4.6,26;9;30;5;55;19,11° 1.52745' E,46° 52.04489' N,1932.8,5
40.12,995.0,18.28,38.29,815.71,191.3,1.1,6.1,26;9;30;5;56;19,11° 1.57945' E,46° 52.02872' N,1942.9,5
41.12,1012.0,17.99,38.15,815.74,194.01,1.3,5.6,26;9;30;5;57;10,11° 1.48344' E,46° 52.05643' N,1945.3,5
42.12,937.5,17.4,37.71,815.77,203.3,0.9,1.9,26;9;30;5;58;19,11° 1.53922' E,46° 52.0474' N,1955.8,5
43.12,854.5,16.85,38.45,815.79,205.0,0.9,2.1,26;9;30;5;59;10,11° 1.52423' E,46° 52.04804' N,1951.1,5
44.12,848.0,16.6,39.22,815.8,205.31,0.9,4.7,26;9;30;6;0;19,11° 1.52958' E,46° 52.04238' N,1936.0,5
45.12,845.0,16.52,39.21,815.81,205.25,0.8,2.5,26;9;30;6;1;10,11° 1.53' E,46° 52.04753' N,1907.7,5
46.12,839.5,16.47,40.26,815.82,201.5,0.8,5.9,26;9;30;6;2;19,11° 1.57121' E,46° 52.03486' N,1907.5,5
47.12,852.5,16.61,39.85,815.83,199.95,0.8,3.2,26;9;30;6;3;10,11° 1.6222' E,46° 51.99714' N,1908.1,5
48.12,829.5,16.56,39.0,815.83,205.38,1.1,7.1,26;9;30;6;4;19,11° 1.5178' E,46° 52.04083' N,1908.0,5
49.12,799.5,16.5,39.57,815.83,203.79,0.9,4.5,26;9;30;6;5;19,11° 1.58164' E,46° 52.0213' N,1908.1,5
50.12,798.5,16.61,39.57,815.83,202.85,1.0,3.7,26;9;30;6;6;10,11° 1.54403' E,46° 52.0328' N,1908.35,5
51.12,792.0,16.64,39.32,815.84,206.02,1.2,3.5,26;9;30;6;7;10,11° 1.55031' E,46° 52.03151' N,1908.2,5
52.12,786.5,16.7,39.57,815.84,204.55,0.8,1.6,26;9;30;6;8;19,11° 1.63616' E,46° 52.02893' N,1908.2,5
53.12,803.0,16.8,39.8,815.83,200.94,0.9,3.8,26;9;30;6;9;10,11° 1.53438' E,46° 52.03524' N,1908.1,5
54.12,868.5,16.89,39.58,815.83,198.82,1.2,3.5,26;9;30;6;10;19,11° 1.25167' E,46° 52.13923' N,1911.2,5
55.12,861.5,16.83,39.22,815.83,203.04,1.2,8.2,26;9;30;6;11;10,11° 1.37742' E,46° 52.02705' N,1894.1,5
56.12,833.5,16.66,39.39,815.84,205.64,1.4,6.5,26;9;30;6;12;19,11° 1.57819' E,46° 52.00287' N,1881.4,5
57.12,873.5,16.76,40.6,815.84,193.61,1.1,5.2,26;9;30;6;13;19,11° 1.60559' E,46° 52.0219' N,1882.8,5
58.12,1134.5,17.04,41.57,815.85,183.77,0.9,3.6,26;9;30;6;14;19,11° 1.61557' E,46° 52.01776' N,1882.8,5
59.12,1261.0,17.36,41.97,815.86,176.13,1.2,7.0,26;9;30;6;15;20,0,0,0,5
60.12,1284.0,17.66,42.14,815.83,171.27,1.6,8.8,26;9;30;6;16;10,11° 1.55807' E,46° 52.02847' N,1911.9,5
61.12,1290.5,17.95,42.24,815.82,166.34,2.6,13.4,26;9;30;6;17;20,11° 1.54564' E,46° 52.03674' N,1914.3,5
62.12,1261.0,18.18,40.8,815.81,170.49,2.3,14.0,26;9;30;6;18;20,11° 1.55826' E,46° 52.04077' N,1959.2,5
63.12,1083.5,18.16,39.44,815.8,179.82,1.5,7.2,26;9;30;6;19;10,11° 1.36857' E,46° 52.08022' N,1958.1,5
64.12,989.5,17.95,38.83,815.82,186.43,1.5,8.0,26;9;30;6;20;20,11° 1.57567' E,46° 52.05363' N,1952.3,5
65.12,922.5,17.74,39.37,815.84,187.06,1.5,6.4,26;9;30;6;21;20,11° 1.60189' E,46° 52.03291' N,1916.4,5
66.12,914.5,17.72,39.76,815.83,186.27,1.7,12.5,26;9;30;6;22;19,11° 1.52518' E,46° 52.03918' N,1916.8,5
67.12,1019.5,17.84,40.5,815.83,180.2,2.3,14.5,26;9;30;6;23;10,11° 1.54305' E,46° 52.03881' N,1911.1,5
Tijd,CO2,TempBME,RHBME,Press,Rvoc,PM2.5,PM10,TijdGPS,LengteGr,BreedteGr,Hoogte,Sensornummer
1.13,475.0,13.31,52.76,789.67,50.81,159.15,175.55,26;9;30;8;0;20,0,0,0,5
Tijd,CO2,TempBME,RHBME,Press,Rvoc,PM2.5,PM10,TijdGPS,LengteGr,BreedteGr,Hoogte,Sensornummer
1.13,876.0,17.01,43.62,789.58,94.1,0.0,0.0,26;9;30;8;1;43,11° 1.58122' E,46° 51.45761' N,2225.9,5
2.13,759.0,18.88,40.21,789.5,114.9,634.7,681.2,26;9;30;8;2;52,11° 1.57993' E,46° 51.45521' N,2230.2,5
3.13,735.5,20.35,37.92,789.45,135.58,41.9,46.3,26;9;30;8;3;43,11° 1.5802' E,46° 51.45513' N,2231.9,5
4.13,717.0,21.81,35.81,789.4,142.44,34.0,37.5,26;9;30;8;4;52,11° 1.5798' E,46° 51.45483' N,2233.8,5
5.13,710.0,22.63,33.67,789.38,155.1,37.0,41.0,26;9;30;8;5;43,11° 1.5787' E,46° 51.45591' N,2230.55,5
6.13,707.0,23.36,33.07,789.38,157.42,33.5,36.8,26;9;30;8;6;52,11° 1.57926' E,46° 51.45623' N,2230.65,5
7.13,706.0,23.5,31.32,789.41,167.33,31.8,34.8,26;9;30;8;7;43,11° 1.57853' E,46° 51.45601' N,2228.6,5
8.13,705.5,23.79,31.87,789.4,169.36,30.0,32.8,26;9;30;8;8;40,11° 1.58039' E,46° 51.45691' N,2225.9,5
9.13,704.5,24.27,30.41,789.38,171.63,28.2,31.2,26;9;30;8;9;40,11° 1.58036' E,46° 51.45743' N,2220.5,5
10.13,701.0,24.18,30.69,789.4,176.5,35.8,39.2,26;9;30;8;10;40,11° 1.58041' E,46° 51.45815' N,2216.9,5
11.13,700.0,24.45,30.62,789.4,178.95,26.6,29.3,26;9;30;8;11;40,11° 1.58014' E,46° 51.45914' N,2211.6,5
12.13,706.5,24.24,29.95,789.42,184.47,30.2,33.1,26;9;30;8;12;40,11° 1.58054' E,46° 51.4587' N,2214.4,5
13.13,706.5,24.0,30.43,789.43,186.32,31.0,34.0,26;9;30;8;13;40,11° 1.58005' E,46° 51.45894' N,2211.1,5
14.13,711.5,24.57,30.77,789.41,184.17,28.1,88.6,26;9;30;8;14;40,11° 1.58044' E,46° 51.45747' N,2214.5,5
15.13,713.5,24.93,29.33,789.41,185.8,26.0,28.5,26;9;30;8;15;49,11° 1.58004' E,46° 51.45776' N,2210.8,5
16.13,718.5,25.4,29.69,789.42,182.17,30.3,33.2,26;9;30;8;16;40,11° 1.58044' E,46° 51.45785' N,2211.9,5
17.13,704.0,25.3,29.05,789.43,185.28,28.6,54.2,26;9;30;8;17;40,11° 1.58' E,46° 51.45899' N,2207.3,5
18.13,702.0,25.43,29.74,789.43,180.6,28.9,33.5,26;9;30;8;18;40,11° 1.57989' E,46° 51.45863' N,2210.7,5
19.13,703.0,25.88,28.44,789.41,180.69,28.8,31.6,26;9;30;8;19;40,11° 1.5804' E,46° 51.45882' N,2212.4,5
20.13,693.0,25.51,28.39,789.42,185.85,28.8,31.6,26;9;30;8;20;49,11° 1.58002' E,46° 51.45926' N,2211.1,5
21.13,693.5,24.86,27.96,789.41,192.93,30.7,33.7,26;9;30;8;21;49,11° 1.58' E,46° 51.45961' N,2212.1,5
22.13,705.5,24.09,28.05,789.42,198.82,27.0,29.6,26;9;30;8;22;40,11° 1.57657' E,46° 51.45727' N,2211.5,5
23.13,688.0,23.13,28.79,789.33,198.81,37.3,72.7,26;9;30;8;23;49,11° 1.57632' E,46° 51.4553' N,2214.9,5
24.13,689.5,21.4,30.75,789.37,199.89,24.9,27.4,26;9;30;8;24;40,11° 1.57591' E,46° 51.45519' N,2215.45,5
25.13,692.0,19.86,33.67,789.38,198.99,16.3,33.9,26;9;30;8;25;40,11° 1.57626' E,46° 51.45524' N,2216.2,5
26.13,695.0,18.62,34.79,789.41,198.51,21.9,32.7,26;9;30;8;26;40,11° 1.57677' E,46° 51.45485' N,2217.5,5
27.13,692.0,17.45,36.59,789.44,198.45,15.1,16.4,26;9;30;8;27;40,11° 1.57625' E,46° 51.45508' N,2217.7,5
28.13,691.5,16.62,37.68,789.46,198.87,11.3,12.2,26;9;30;8;28;40,11° 1.57644' E,46° 51.45539' N,2217.0,5
29.13,688.0,15.95,38.1,789.5,204.11,14.8,16.1,26;9;30;8;29;40,11° 1.57623' E,46° 51.45514' N,2217.3,5
30.13,687.0,15.52,38.69,789.51,207.51,12.9,14.0,26;9;30;8;30;40,11° 1.57592' E,46° 51.45485' N,2217.6,5
31.13,691.0,15.2,39.75,789.5,209.09,7.8,8.5,26;9;30;8;31;40,11° 1.57595' E,46° 51.45491' N,2218.0,5
32.13,690.0,15.04,40.38,789.51,208.76,12.7,13.8,26;9;30;8;32;40,11° 1.5761' E,46° 51.45506' N,2217.0,5
33.13,689.0,14.91,40.4,789.5,210.1,7.9,8.6,26;9;30;8;33;40,11° 1.5759' E,46° 51.45518' N,2216.1,5
34.13,685.5,14.8,40.34,789.49,212.74,9.4,10.3,26;9;30;8;34;40,11° 1.57568' E,46° 51.45524' N,2218.65,5
35.13,685.0,14.7,40.51,789.48,213.5,12.3,13.5,26;9;30;8;35;40,11° 1.57491' E,46° 51.45466' N,2221.0,5
36.13,685.0,14.62,42.17,789.48,208.96,9.8,10.6,26;9;30;8;36;40,11° 1.57527' E,46° 51.45451' N,2218.4,5
37.13,683.5,14.56,41.61,789.48,209.96,7.9,8.6,26;9;30;8;37;40,11° 1.57555' E,46° 51.45471' N,2217.4,5
38.13,681.5,14.53,42.4,789.47,207.38,10.5,11.3,26;9;30;8;38;40,11° 1.57523' E,46° 51.4549' N,2217.65,5
39.13,678.5,14.57,42.33,789.46,205.38,8.2,8.9,26;9;30;8;39;40,11° 1.5745' E,46° 51.45467' N,2220.35,5
40.13,677.0,14.62,43.65,789.45,200.89,10.5,11.4,26;9;30;8;40;40,11° 1.57501' E,46° 51.45467' N,2217.3,5
41.13,678.0,14.6,42.95,789.45,204.3,10.3,11.2,26;9;30;8;41;40,11° 1.57577' E,46° 51.45486' N,2216.8,5
42.13,678.0,14.46,42.42,789.45,209.03,9.4,10.2,26;9;30;8;42;40,11° 1.57574' E,46° 51.45478' N,2217.7,5
43.13,681.0,14.41,43.08,789.44,209.09,12.1,13.1,26;9;30;8;43;40,11° 1.57446' E,46° 51.4544' N,2219.2,5
44.13,684.5,14.36,43.16,789.44,210.3,11.3,12.3,26;9;30;8;44;40,11° 1.57279' E,46° 51.45411' N,2221.1,5
45.13,683.5,14.34,43.31,789.44,209.16,11.5,12.5,26;9;30;8;45;40,11° 1.57432' E,46° 51.45442' N,1112.25,5
46.13,682.0,14.45,43.61,789.45,207.06,13.9,15.0,26;9;30;8;46;40,11° 1.57496' E,46° 51.45456' N,2219.7,5
47.13,681.5,14.43,43.51,789.45,206.67,11.0,11.9,26;9;30;8;47;40,11° 1.57443' E,46° 51.45434' N,2220.6,5
48.13,679.0,14.42,43.93,789.45,205.0,11.0,11.9,26;9;30;8;48;40,11° 1.57479' E,46° 51.45477' N,2217.8,5
49.13,682.0,14.42,44.21,789.45,204.11,14.0,15.1,26;9;30;8;49;40,11° 1.57489' E,46° 51.45467' N,2217.3,5
50.13,682.0,14.3,44.12,789.44,207.06,11.5,12.5,26;9;30;8;50;40,11° 1.5735' E,46° 51.45434' N,2220.2,5
51.13,682.0,14.26,44.45,789.45,204.61,12.4,13.4,26;9;30;8;51;40,11° 1.57557' E,46° 51.45485' N,2218.1,5
52.13,680.5,14.28,44.48,789.44,203.73,16.8,18.5,26;9;30;8;52;40,11° 1.57469' E,46° 51.45438' N,2218.7,5
53.13,677.5,14.31,44.74,789.45,201.3,15.9,18.8,26;9;30;8;53;40,11° 1.57591' E,46° 51.45529' N,2216.1,5
54.13,678.5,14.29,44.83,789.45,203.04,16.4,18.0,26;9;30;8;54;49,11° 1.575' E,46° 51.45468' N,2219.5,5
55.13,679.0,14.24,44.53,789.44,201.85,15.1,16.5,26;9;30;8;55;40,11° 1.575' E,46° 51.45465' N,2221.7,5
56.13,681.0,14.18,45.06,789.43,203.1,15.2,16.5,26;9;30;8;56;40,11° 1.57494' E,46° 51.45484' N,2218.8,5
57.13,680.0,14.14,45.28,789.43,202.41,16.4,17.8,26;9;30;8;57;49,11° 1.57485' E,46° 51.45482' N,2220.4,5
58.13,681.5,14.14,44.96,789.43,203.41,15.3,16.8,26;9;30;8;58;49,11° 1.57547' E,46° 51.45502' N,2218.1,5
59.13,680.0,14.13,45.45,789.43,202.35,15.1,16.4,26;9;30;8;59;49,11° 1.57569' E,46° 51.45496' N,2214.75,5
60.13,681.5,14.12,45.59,789.42,201.92,18.6,20.4,26;9;30;9;0;49,11° 1.57505' E,46° 51.45503' N,2217.5,5
61.13,682.5,14.13,46.1,789.43,198.51,16.2,17.6,26;9;30;9;1;49,11° 1.57515' E,46° 51.4552' N,2216.9,5
62.13,681.0,14.2,46.01,789.43,198.51,14.9,16.3,26;9;30;9;2;49,11° 1.57507' E,46° 51.45486' N,2218.4,5
63.13,681.0,14.27,45.79,789.44,197.91,18.75,20.4,26;9;30;9;3;40,11° 1.57491' E,46° 51.45492' N,2219.0,5
64.13,681.0,14.29,45.87,789.43,196.91,18.7,20.3,26;9;30;9;4;40,11° 1.57408' E,46° 51.45459' N,2221.4,5
65.13,679.0,14.21,45.94,789.43,197.44,15.75,17.2,26;9;30;9;5;40,11° 1.57441' E,46° 51.45482' N,2221.45,5
66.13,678.0,14.1,46.14,789.44,196.44,17.05,18.65,26;9;30;9;6;40,11° 1.57494' E,46° 51.45479' N,2220.4,5
67.13,680.5,13.99,45.85,789.43,197.79,16.85,18.35,26;9;30;9;7;40,11° 1.5752' E,46° 51.45474' N,2220.7,5
68.13,679.0,13.93,46.31,789.44,197.8,18.3,19.85,26;9;30;9;8;40,11° 1.57503' E,46° 51.45481' N,2220.0,5
69.13,682.0,13.85,46.66,789.45,198.93,19.6,21.25,26;9;30;9;9;49,11° 1.57501' E,46° 51.45459' N,2221.2,5
70.13,682.5,13.86,46.02,789.45,199.35,19.35,21.0,26;9;30;9;10;49,11° 1.575' E,46° 51.4546' N,2220.7,5
71.13,680.0,13.88,46.13,789.44,198.81,23.55,25.65,26;9;30;9;11;40,11° 1.57419' E,46° 51.45458' N,2222.95,5
72.13,679.0,13.89,46.41,789.44,198.93,25.25,27.5,26;9;30;9;12;40,11° 1.57477' E,46° 51.455' N,2221.6,5
73.13,678.0,13.93,46.76,789.45,199.35,23.1,25.1,26;9;30;9;13;40,11° 1.57452' E,46° 51.45485' N,2222.55,5
74.13,678.0,13.89,46.93,789.45,199.05,25.45,27.6,26;9;30;9;14;40,11° 1.57472' E,46° 51.45467' N,2222.8,5
75.13,679.0,13.89,47.29,789.46,196.32,23.9,25.85,26;9;30;9;15;40,11° 1.57521' E,46° 51.45514' N,2221.45,5
76.13,682.0,13.86,47.1,789.45,195.74,22.1,23.95,26;9;30;9;16;40,11° 1.5757' E,46° 51.4551' N,2218.3,5
77.13,682.0,13.89,47.02,789.45,192.76,24.7,26.9,26;9;30;9;17;40,11° 1.57548' E,46° 51.45516' N,2219.2,5
78.13,682.0,13.91,47.41,789.46,192.03,24.2,26.3,26;9;30;9;18;49,11° 1.57559' E,46° 51.45487' N,2218.8,5
79.13,682.0,13.95,47.8,789.45,188.35,24.05,26.05,26;9;30;9;19;40,11° 1.57543' E,46° 51.45526' N,2217.9,5
80.13,681.5,13.96,47.19,789.46,191.52,27.6,29.95,26;9;30;9;20;49,11° 1.57528' E,46° 51.45517' N,2219.75,5
81.13,681.5,13.93,46.83,789.45,194.23,28.2,30.65,26;9;30;9;21;40,11° 1.57534' E,46° 51.45513' N,2219.8,5
82.13,681.0,13.87,46.84,789.45,196.73,27.8,30.2,26;9;30;9;22;40,11° 1.5758' E,46° 51.45495' N,2219.7,5
83.13,678.0,13.76,46.45,789.47,199.77,27.55,29.9,26;9;30;9;23;40,11° 1.57545' E,46° 51.45512' N,2219.1,5
84.13,677.0,13.76,47.39,789.46,195.33,25.5,27.7,26;9;30;9;24;49,11° 1.5758' E,46° 51.455' N,2218.45,5
85.13,675.0,13.89,48.19,789.44,190.58,26.4,28.6,26;9;30;9;25;49,11° 1.57554' E,46° 51.45507' N,2218.4,5
86.13,672.5,13.96,47.98,789.44,188.73,32.4,35.2,26;9;30;9;26;49,11° 1.57552' E,46° 51.45514' N,2218.1,5
87.13,672.0,14.01,47.86,789.43,186.32,28.7,31.2,26;9;30;9;27;49,11° 1.57559' E,46° 51.45544' N,2219.1,5
88.13,674.0,13.96,47.34,789.42,189.43,34.3,37.2,26;9;30;9;28;49,11° 1.57563' E,46° 51.45527' N,2219.0,5
89.13,675.0,13.97,47.89,789.43,186.69,33.5,36.4,26;9;30;9;29;49,11° 1.57583' E,46° 51.45568' N,2219.8,5
90.13,675.0,14.0,48.05,789.42,186.22,31.2,34.0,26;9;30;9;30;49,11° 1.57577' E,46° 51.45505' N,2218.7,5
91.13,672.5,14.06,47.77,789.42,186.43,28.5,31.0,26;9;30;9;31;49,11° 1.57579' E,46° 51.45486' N,2218.0,5
92.13,672.5,14.03,47.01,789.41,191.53,33.5,36.5,26;9;30;9;32;40,11° 1.57607' E,46° 51.45482' N,2218.0,5
93.13,671.0,14.04,48.09,789.41,187.76,30.2,32.7,26;9;30;9;33;49,11° 1.57608' E,46° 51.45495' N,2218.4,5
94.13,673.5,14.11,47.98,789.4,184.87,35.0,38.0,26;9;30;9;34;40,11° 1.57615' E,46° 51.455' N,2218.6,5
95.13,679.0,14.14,47.52,789.39,186.85,36.5,39.6,26;9;30;9;35;49,11° 1.5763' E,46° 51.45484' N,2218.9,5
96.13,676.5,14.14,47.94,789.39,186.17,28.2,30.6,26;9;30;9;36;49,11° 1.57621' E,46° 51.45495' N,2218.6,5
97.13,676.0,14.17,47.23,789.39,188.24,38.9,42.4,26;9;30;9;37;49,11° 1.57629' E,46° 51.45485' N,2218.45,5
98.13,676.0,14.19,46.66,789.39,190.58,33.9,36.8,26;9;30;9;38;49,11° 1.57597' E,46° 51.45503' N,2217.9,5
99.13,675.0,14.16,46.73,789.39,192.36,34.6,37.5,26;9;30;9;39;49,11° 1.57603' E,46° 51.45477' N,2217.9,5
100.13,675.0,14.15,47.05,789.39,191.86,37.3,40.5,26;9;30;9;40;40,11° 1.5763' E,46° 51.45503' N,2218.35,5
101.13,673.5,14.09,46.53,789.39,194.7,32.8,35.6,26;9;30;9;41;49,11° 1.57618' E,46° 51.45526' N,2218.95,5
102.13,673.5,14.07,46.34,789.4,194.41,35.7,38.7,26;9;30;9;42;49,11° 1.57613' E,46° 51.45537' N,2219.15,5
103.13,673.0,14.13,46.29,789.4,193.38,42.7,46.4,26;9;30;9;43;49,11° 1.57605' E,46° 51.45559' N,2218.7,5
104.13,674.5,14.19,46.58,789.39,191.69,41.4,44.8,26;9;30;9;44;40,11° 1.57628' E,46° 51.45551' N,2219.45,5
105.13,675.5,14.24,46.23,789.39,192.64,35.3,38.3,26;9;30;9;45;49,11° 1.57617' E,46° 51.45513' N,2218.15,5
106.13,673.0,14.25,46.6,789.39,192.14,47.2,51.1,26;9;30;9;46;49,11° 1.57591' E,46° 51.45508' N,2218.1,5
107.13,673.5,14.22,46.83,789.39,192.53,39.4,42.8,26;9;30;9;47;49,11° 1.57603' E,46° 51.45516' N,2217.7,5
108.13,673.0,14.24,46.82,789.39,191.08,46.0,49.9,26;9;30;9;48;49,11° 1.57637' E,46° 51.4552' N,2218.05,5
109.13,672.5,14.26,47.3,789.4,190.03,41.8,45.3,26;9;30;9;49;40,11° 1.57611' E,46° 51.45513' N,2218.0,5
110.13,671.5,14.28,47.4,789.4,189.76,41.9,45.4,26;9;30;9;50;40,11° 1.57644' E,46° 51.45505' N,2218.8,5
111.13,669.0,14.33,47.71,789.38,187.12,56.9,61.8,26;9;30;9;51;49,11° 1.57632' E,46° 51.45532' N,2218.85,5
112.13,669.5,14.34,47.09,789.38,188.46,44.7,48.5,26;9;30;9;52;49,11° 1.57594' E,46° 51.45547' N,2218.5,5
113.13,670.5,14.4,48.19,789.4,185.9,47.4,51.3,26;9;30;9;53;49,11° 1.57588' E,46° 51.45544' N,2218.0,5
114.13,668.0,14.41,48.21,789.39,185.49,64.0,69.2,26;9;30;9;54;49,11° 1.57658' E,46° 51.45495' N,2217.2,5
115.13,669.5,14.41,47.89,789.39,185.6,60.3,65.4,26;9;30;9;55;49,11° 1.57584' E,46° 51.45523' N,2218.1,5
116.13,673.5,14.45,47.46,789.39,185.96,66.8,72.5,26;9;30;9;56;49,11° 1.5759' E,46° 51.45539' N,2218.3,5
117.13,671.0,14.36,47.37,789.38,186.32,71.4,77.4,26;9;30;9;57;49,11° 1.57629' E,46° 51.45515' N,2218.2,5
118.13,672.5,14.3,48.05,789.38,187.12,60.3,65.3,26;9;30;9;58;40,11° 1.5764' E,46° 51.45514' N,2218.3,5
119.13,672.0,14.41,47.76,789.37,185.59,74.6,80.5,26;9;30;9;59;49,11° 1.57607' E,46° 51.45525' N,2218.7,5
120.13,673.0,14.61,48.02,789.36,183.46,79.8,86.0,26;9;30;10;0;49,11° 1.57568' E,46° 51.45533' N,2218.3,5
121.13,672.0,14.66,47.52,789.36,185.39,71.6,77.5,26;9;30;10;1;49,11° 1.57578' E,46° 51.45494' N,2218.15,5
122.13,671.0,14.72,48.47,789.35,180.98,75.2,81.3,26;9;30;10;2;49,11° 1.57563' E,46° 51.45509' N,2218.4,5
123.13,674.0,14.7,48.05,789.35,182.26,80.4,87.2,26;9;30;10;3;49,11° 1.57567' E,46° 51.4554' N,2218.15,5
124.13,677.0,14.68,47.6,789.34,185.49,96.5,104.5,26;9;30;10;4;49,11° 1.57611' E,46° 51.45494' N,2219.3,5
125.13,677.0,14.64,48.4,789.34,183.36,75.9,82.1,26;9;30;10;5;49,11° 1.57581' E,46° 51.45528' N,2219.2,5
126.13,675.0,14.71,48.18,789.33,180.12,75.9,82.1,26;9;30;10;6;40,11° 1.57554' E,46° 51.4552' N,2219.1,5
127.13,678.0,14.84,48.62,789.33,176.32,100.6,108.5,26;9;30;10;7;40,11° 1.57548' E,46° 51.45542' N,2219.6,5
128.13,676.5,14.85,48.53,789.32,177.72,101.6,109.3,26;9;30;10;8;40,11° 1.57592' E,46° 51.45527' N,2218.7,5
129.13,677.0,14.75,48.73,789.32,177.81,100.8,109.0,26;9;30;10;9;49,11° 1.57576' E,46° 51.45526' N,2217.5,5
130.13,666.5,14.74,48.95,789.33,177.72,112.9,122.1,26;9;30;10;10;49,11° 1.57574' E,46° 51.45505' N,2218.1,5
131.13,668.5,14.8,50.29,789.33,172.24,109.9,118.6,26;9;30;10;11;49,11° 1.57509' E,46° 51.4555' N,2217.8,5
132.13,678.5,14.84,49.8,789.34,173.76,88.3,95.5,26;9;30;10;12;49,11° 1.57596' E,46° 51.45509' N,2217.2,5
133.13,677.5,14.85,49.63,789.35,174.21,100.6,108.9,26;9;30;10;13;49,11° 1.57534' E,46° 51.45497' N,2218.65,5
134.13,674.5,14.83,49.7,789.34,174.85,112.9,122.0,26;9;30;10;14;49,11° 1.57573' E,46° 51.45541' N,2218.3,5
135.13,676.0,14.86,51.34,789.34,165.68,117.9,127.2,26;9;30;10;15;49,11° 1.57632' E,46° 51.45559' N,2217.05,5
136.13,678.5,14.88,50.3,789.34,168.77,114.4,123.8,26;9;30;10;16;49,11° 1.57559' E,46° 51.45587' N,2218.8,5
137.13,673.0,14.96,50.28,789.33,168.51,125.2,134.8,26;9;30;10;17;40,11° 1.57629' E,46° 51.45636' N,2219.05,5
138.13,675.0,15.04,50.94,789.33,164.7,123.9,133.6,26;9;30;10;18;40,11° 1.57618' E,46° 51.45597' N,2219.3,5
139.13,673.0,15.07,50.76,789.32,164.14,145.6,156.9,26;9;30;10;19;40,11° 1.57662' E,46° 51.45605' N,2216.6,5
140.13,674.0,15.07,50.76,789.31,165.27,133.5,143.9,26;9;30;10;20;49,11° 1.57656' E,46° 51.45568' N,2217.5,5
141.13,671.5,15.0,50.21,789.3,167.59,136.3,146.8,26;9;30;10;21;49,11° 1.57585' E,46° 51.45594' N,2217.6,5
142.13,663.0,14.9,49.8,789.31,169.36,163.7,176.8,26;9;30;10;22;49,11° 1.57622' E,46° 51.4554' N,2216.4,5
143.13,662.5,14.9,50.77,789.31,167.58,161.6,174.3,26;9;30;10;23;40,11° 1.57667' E,46° 51.45533' N,2216.7,5
144.13,663.5,14.95,51.28,789.3,165.84,177.0,191.1,26;9;30;10;24;49,11° 1.57658' E,46° 51.45535' N,2214.6,5
145.13,663.5,15.08,51.95,789.3,162.46,206.9,222.9,26;9;30;10;25;40,11° 1.57714' E,46° 51.45504' N,2215.25,5
146.13,665.0,15.25,50.83,789.3,163.02,205.6,222.1,26;9;30;10;26;40,11° 1.57617' E,46° 51.45599' N,2216.45,5
147.13,663.5,15.16,51.17,789.3,164.94,187.7,202.7,26;9;30;10;27;49,11° 1.57617' E,46° 51.4552' N,2216.2,5
148.13,654.5,15.08,50.92,789.29,164.94,206.9,222.6,26;9;30;10;28;49,11° 1.57615' E,46° 51.45546' N,2218.1,5
149.13,650.0,14.94,51.21,789.27,166.5,194.8,209.9,26;9;30;10;29;40,11° 1.57578' E,46° 51.45546' N,2219.6,5
150.13,651.0,14.89,51.84,789.27,165.76,231.3,248.7,26;9;30;10;30;40,11° 1.57612' E,46° 51.45572' N,2219.1,5
151.13,650.5,14.99,51.97,789.27,163.66,212.5,228.4,26;9;30;10;31;40,11° 1.57632' E,46° 51.45585' N,2217.8,5
152.13,656.5,15.18,52.16,789.26,160.52,226.6,243.3,26;9;30;10;32;40,11° 1.57635' E,46° 51.45535' N,2217.95,5
153.13,652.0,15.23,51.98,789.25,159.22,231.1,248.4,26;9;30;10;33;40,11° 1.57592' E,46° 51.45535' N,2218.4,5
154.13,658.5,15.18,51.72,789.25,161.29,241.4,259.0,26;9;30;10;34;40,11° 1.57586' E,46° 51.45511' N,2219.1,5
155.13,657.0,15.1,52.58,789.24,160.44,253.2,272.0,26;9;30;10;35;40,11° 1.5763' E,46° 51.455' N,2218.2,5
156.13,650.0,15.13,53.08,789.23,158.32,263.7,283.2,26;9;30;10;36;40,11° 1.57598' E,46° 51.45517' N,2217.8,5
157.13,657.0,15.19,52.98,789.23,156.91,250.2,268.9,26;9;30;10;37;40,11° 1.57645' E,46° 51.45509' N,2217.75,5
158.13,657.5,15.27,53.12,789.23,155.74,287.4,307.9,26;9;30;10;38;40,11° 1.57643' E,46° 51.45511' N,2218.45,5
159.13,658.0,15.36,52.63,789.24,155.96,278.7,298.4,26;9;30;10;39;40,11° 1.57689' E,46° 51.45505' N,2217.4,5
160.13,658.5,15.31,52.07,789.24,157.72,268.8,287.7,26;9;30;10;40;40,11° 1.57723' E,46° 51.45528' N,2216.75,5
161.13,644.5,15.16,52.62,789.22,157.13,287.0,306.8,26;9;30;10;41;40,11° 1.57761' E,46° 51.45503' N,2216.5,5
162.13,632.0,15.12,53.19,789.22,157.42,289.4,309.5,26;9;30;10;42;49,11° 1.57664' E,46° 51.45528' N,2216.8,5
163.13,643.5,15.17,53.01,789.21,156.76,297.6,317.6,26;9;30;10;43;40,11° 1.57662' E,46° 51.45518' N,2217.5,5
164.13,645.5,15.14,52.85,789.21,158.09,292.8,313.1,26;9;30;10;44;40,11° 1.5766' E,46° 51.45525' N,2217.8,5
165.13,643.5,15.12,52.84,789.21,158.62,318.0,339.7,26;9;30;10;45;40,11° 1.57665' E,46° 51.45568' N,2216.55,5
166.13,643.0,15.1,53.23,789.2,157.57,291.1,311.2,26;9;30;10;46;40,11° 1.57675' E,46° 51.45543' N,2216.3,5
167.13,644.0,15.13,52.9,789.2,156.76,318.7,340.6,26;9;30;10;47;40,11° 1.57681' E,46° 51.45522' N,2217.1,5
168.13,636.0,15.22,52.7,789.2,155.45,310.9,331.8,26;9;30;10;48;40,11° 1.57717' E,46° 51.45526' N,2216.2,5
169.13,649.5,15.29,52.87,789.2,154.52,328.7,350.7,26;9;30;10;49;40,11° 1.57731' E,46° 51.45495' N,2215.75,5
170.13,631.5,15.33,52.66,789.2,153.67,334.9,357.6,26;9;30;10;50;40,11° 1.57708' E,46° 51.45505' N,2215.0,5
171.13,623.5,15.29,53.24,789.19,152.83,315.2,336.7,26;9;30;10;51;40,11° 1.57711' E,46° 51.4553' N,2215.1,5
172.13,630.5,15.38,52.88,789.2,153.04,346.3,369.5,26;9;30;10;52;49,11° 1.57715' E,46° 51.45531' N,2216.7,5
173.13,643.0,15.41,52.46,789.19,154.81,319.7,341.6,26;9;30;10;53;40,11° 1.57698' E,46° 51.45529' N,2217.2,5
174.13,612.0,15.47,52.35,789.19,156.69,330.0,352.1,26;9;30;10;54;40,11° 1.57709' E,46° 51.45506' N,2216.9,5
175.13,627.5,15.44,52.81,789.18,154.45,351.4,375.0,26;9;30;10;55;49,11° 1.5768' E,46° 51.45533' N,2215.55,5
176.13,623.0,15.46,52.32,789.16,156.1,337.7,360.8,26;9;30;10;56;49,11° 1.57684' E,46° 51.45527' N,2215.3,5
177.13,633.5,15.4,52.12,789.15,158.69,344.1,366.8,26;9;30;10;57;49,11° 1.57707' E,46° 51.45513' N,2216.6,5
178.13,601.0,15.41,52.52,789.15,157.5,368.1,392.4,26;9;30;10;58;49,11° 1.57722' E,46° 51.45527' N,2217.3,5
179.13,607.5,15.34,51.56,789.15,161.52,375.6,399.3,26;9;30;10;59;49,11° 1.57727' E,46° 51.4556' N,2216.45,5
180.13,593.0,15.29,52.21,789.14,159.83,366.4,389.8,26;9;30;11;0;49,11° 1.57662' E,46° 51.45538' N,2215.7,5
181.13,610.5,15.44,52.03,789.13,159.15,397.4,422.5,26;9;30;11;1;40,11° 1.577' E,46° 51.45514' N,2216.0,5
182.13,600.5,15.54,52.07,789.13,157.06,387.0,411.1,26;9;30;11;2;49,11° 1.57736' E,46° 51.45516' N,2217.0,5
183.13,594.5,15.48,51.81,789.13,159.3,389.2,413.3,26;9;30;11;3;40,11° 1.57692' E,46° 51.4549' N,2216.95,5
184.13,581.5,15.42,52.24,789.14,155.38,377.6,401.3,26;9;30;11;4;49,11° 1.5766' E,46° 51.45512' N,2215.4,5
185.13,594.0,15.39,52.21,789.15,156.76,388.5,411.9,26;9;30;11;5;40,11° 1.577' E,46° 51.45539' N,2215.35,5
186.13,581.0,15.35,51.89,789.15,157.13,393.0,417.7,26;9;30;11;6;49,11° 1.57673' E,46° 51.45517' N,2216.05,5
187.13,587.0,15.41,52.43,789.15,153.74,382.7,406.9,26;9;30;11;7;49,11° 1.57665' E,46° 51.45546' N,2215.2,5
188.13,594.5,15.53,52.74,789.15,155.38,388.0,412.2,26;9;30;11;8;49,11° 1.57684' E,46° 51.45535' N,2215.55,5
189.13,585.0,15.58,52.13,789.14,156.32,431.8,458.1,26;9;30;11;9;40,11° 1.57719' E,46° 51.45532' N,2216.1,5
190.13,593.5,15.59,52.03,789.16,156.76,457.3,484.7,26;9;30;11;10;49,11° 1.57662' E,46° 51.45522' N,2215.6,5
191.13,596.5,15.57,52.02,789.14,156.32,445.9,473.25,26;9;30;11;11;49,11° 1.57665' E,46° 51.45525' N,2215.1,5
192.13,593.5,15.57,53.05,789.13,152.27,434.95,462.15,26;9;30;11;12;40,11° 1.57671' E,46° 51.45499' N,2216.0,5
193.13,597.5,15.51,52.86,789.13,153.46,452.3,479.85,26;9;30;11;13;40,11° 1.57656' E,46° 51.45487' N,2215.9,5
194.13,613.0,15.49,53.14,789.11,155.6,479.3,507.75,26;9;30;11;14;40,11° 1.57652' E,46° 51.45527' N,2214.7,5
195.13,597.0,15.54,53.46,789.11,154.66,488.25,517.2,26;9;30;11;15;40,11° 1.57668' E,46° 51.45502' N,2215.7,5
196.13,604.5,15.66,53.25,789.09,151.52,487.8,516.6,26;9;30;11;16;40,11° 1.5766' E,46° 51.45501' N,2216.0,5
197.13,597.5,15.74,52.9,789.08,151.04,511.5,541.1,26;9;30;11;17;49,11° 1.57532' E,46° 51.45428' N,2216.25,5
198.13,609.5,15.69,51.94,789.06,154.52,502.65,532.1,26;9;30;11;18;40,11° 1.57325' E,46° 51.45305' N,2219.0,5
199.13,602.5,15.64,52.95,789.07,153.18,481.8,510.7,26;9;30;11;19;49,11° 1.57523' E,46° 51.45471' N,2217.65,5
200.13,593.5,15.69,53.53,789.06,152.2,488.1,517.55,26;9;30;11;20;40,11° 1.57623' E,46° 51.45498' N,2216.4,5
201.13,609.0,15.74,52.72,789.05,155.17,475.15,504.3,26;9;30;11;21;40,11° 1.5758' E,46° 51.45445' N,2217.2,5
202.13,628.0,15.71,52.67,789.04,155.45,479.7,509.0,26;9;30;11;22;40,11° 1.57543' E,46° 51.45472' N,2215.5,5
203.13,621.5,15.54,52.22,789.05,158.02,498.05,528.0,26;9;30;11;23;40,11° 1.57539' E,46° 51.45456' N,2217.7,5
204.13,624.5,15.45,52.8,789.04,157.06,515.3,545.7,26;9;30;11;24;40,11° 1.5751' E,46° 51.45467' N,2217.0,5
205.13,615.0,15.47,52.73,789.04,156.4,524.6,555.05,26;9;30;11;25;40,11° 1.57504' E,46° 51.4543' N,2216.5,5
206.13,612.0,15.54,53.03,789.01,153.6,538.25,569.15,26;9;30;11;26;40,11° 1.57565' E,46° 51.45468' N,2217.6,5
207.13,616.0,15.68,52.73,789.0,154.02,560.6,592.75,26;9;30;11;27;40,11° 1.5751' E,46° 51.45409' N,2217.15,5
208.13,616.5,15.65,52.38,788.99,156.18,566.55,599.05,26;9;30;11;28;40,11° 1.57462' E,46° 51.45399' N,2218.2,5
209.13,620.0,15.61,52.2,788.99,155.67,572.75,605.25,26;9;30;11;29;40,11° 1.57543' E,46° 51.45494' N,2215.75,5
210.13,627.0,15.56,52.01,788.97,158.09,582.35,615.05,26;9;30;11;30;40,11° 1.57571' E,46° 51.45445' N,2215.5,5
211.13,627.0,15.54,52.06,788.97,157.06,594.3,627.35,26;9;30;11;31;40,11° 1.57535' E,46° 51.45416' N,2215.8,5
212.13,625.0,15.57,51.91,788.96,157.94,603.2,636.7,26;9;30;11;32;49,11° 1.5749' E,46° 51.4538' N,2218.2,5
213.13,624.0,15.63,52.63,788.94,155.6,612.0,646.2,26;9;30;11;33;49,11° 1.5752' E,46° 51.45452' N,2218.0,5
214.13,625.5,15.68,51.75,788.93,157.57,617.9,651.8,26;9;30;11;34;49,11° 1.57528' E,46° 51.45442' N,2216.6,5
215.13,612.5,15.65,51.54,788.93,160.14,639.0,674.2,26;9;30;11;35;49,11° 1.5753' E,46° 51.45441' N,2216.15,5
216.13,612.0,15.63,51.94,788.92,158.25,623.2,657.0,26;9;30;11;36;49,11° 1.57505' E,46° 51.45382' N,2217.25,5
217.13,608.0,15.65,52.42,788.91,156.32,626.0,659.6,26;9;30;11;37;49,11° 1.57513' E,46° 51.45428' N,2217.3,5
218.13,608.0,15.67,52.89,788.92,156.18,647.3,682.2,26;9;30;11;38;49,11° 1.57488' E,46° 51.45411' N,2217.0,5
219.13,606.5,15.76,52.77,788.91,154.95,643.7,678.1,26;9;30;11;39;49,11° 1.57482' E,46° 51.4543' N,2216.0,5
220.13,587.0,15.81,52.35,788.9,153.67,657.9,692.4,26;9;30;11;40;49,11° 1.57474' E,46° 51.45403' N,2216.9,5
221.13,593.0,15.92,52.67,788.88,152.13,694.2,730.6,26;9;30;11;41;49,11° 1.57473' E,46° 51.45433' N,2218.35,5
222.13,588.0,15.92,51.34,788.88,156.98,639.0,672.5,26;9;30;11;42;40,11° 1.57479' E,46° 51.45396' N,2219.5,5
223.13,581.5,15.8,51.09,788.91,159.75,665.1,699.7,26;9;30;11;43;49,11° 1.57507' E,46° 51.45478' N,2217.45,5
224.13,583.0,15.79,51.4,788.91,158.69,639.1,672.6,26;9;30;11;44;40,11° 1.57519' E,46° 51.45475' N,2215.7,5
225.13,585.5,15.77,50.93,788.9,159.52,643.7,677.4,26;9;30;11;45;49,11° 1.57443' E,46° 51.45399' N,2218.05,5
226.13,594.5,15.66,51.83,788.9,156.03,635.5,668.6,26;9;30;11;46;49,11° 1.57465' E,46° 51.45368' N,2218.0,5
227.13,600.0,15.66,51.79,788.9,155.52,628.6,662.4,26;9;30;11;47;49,11° 1.57436' E,46° 51.45396' N,2219.9,5
228.13,622.5,15.73,52.63,788.89,151.79,649.0,682.8,26;9;30;11;48;40,11° 1.57456' E,46° 51.45409' N,2219.1,5
229.13,626.0,15.77,52.97,788.9,146.67,652.2,686.7,26;9;30;11;49;49,11° 1.57449' E,46° 51.45443' N,2216.45,5
230.13,627.5,15.73,51.78,788.89,153.67,670.6,705.3,26;9;30;11;50;49,11° 1.57422' E,46° 51.45373' N,2217.1,5
231.13,627.5,15.69,51.32,788.88,158.47,643.2,676.9,26;9;30;11;51;49,11° 1.5746' E,46° 51.45417' N,2218.45,5
232.13,626.0,15.66,50.1,788.87,164.14,653.0,687.1,26;9;30;11;52;49,11° 1.57471' E,46° 51.45433' N,2217.2,5
233.13,624.0,15.63,50.22,788.86,165.02,659.1,693.6,26;9;30;11;53;40,11° 1.57486' E,46° 51.45469' N,2217.8,5
234.13,624.0,15.58,50.06,788.86,167.84,629.7,662.8,26;9;30;11;54;40,11° 1.57473' E,46° 51.45452' N,2217.8,5
235.13,624.5,15.52,50.59,788.85,166.01,632.0,665.5,26;9;30;11;55;40,11° 1.57533' E,46° 51.45438' N,2218.2,5
236.13,621.0,15.52,51.14,788.85,162.39,628.4,661.5,26;9;30;11;56;40,11° 1.57496' E,46° 51.45429' N,2217.6,5
237.13,613.0,15.63,50.18,788.83,164.7,641.7,675.5,26;9;30;11;57;49,11° 1.57485' E,46° 51.45456' N,2217.8,5
238.13,610.5,15.61,51.7,788.82,155.81,648.1,682.4,26;9;30;11;58;49,11° 1.5754' E,46° 51.45433' N,2217.65,5
239.13,618.5,15.66,52.59,788.82,149.69,630.2,663.5,26;9;30;11;59;40,11° 1.57516' E,46° 51.4544' N,2218.2,5
240.13,622.5,15.78,50.75,788.8,158.1,639.2,672.9,26;9;30;12;0;49,11° 1.57515' E,46° 51.45437' N,2218.5,5
241.13,626.0,15.7,50.35,788.8,163.33,644.4,679.2,26;9;30;12;1;49,11° 1.57537' E,46° 51.45436' N,2220.7,5
242.13,615.0,15.72,49.59,788.8,167.0,635.4,669.5,26;9;30;12;2;40,11° 1.57493' E,46° 51.45445' N,2221.5,5
243.13,613.0,15.66,49.7,788.81,170.48,654.7,689.8,26;9;30;12;3;49,11° 1.57555' E,46° 51.45421' N,2221.2,5
244.13,600.0,15.6,49.57,788.8,172.24,662.6,698.2,26;9;30;12;4;40,11° 1.5751' E,46° 51.45458' N,2221.2,5
245.13,606.5,15.56,49.74,788.8,173.04,664.2,699.7,26;9;30;12;5;49,11° 1.57517' E,46° 51.45473' N,2220.0,5
246.13,529.0,15.52,49.25,788.8,175.76,664.8,700.6,26;9;30;12;6;40,11° 1.57551' E,46° 51.45442' N,2220.5,5
247.13,507.5,15.46,49.53,788.81,175.21,629.5,663.7,26;9;30;12;7;40,11° 1.57549' E,46° 51.45468' N,2220.6,5
248.13,503.0,15.47,49.93,788.79,171.88,633.5,667.5,26;9;30;12;8;49,11° 1.57577' E,46° 51.45477' N,2219.8,5
249.13,502.0,15.48,49.39,788.79,173.31,642.1,677.0,26;9;30;12;9;40,11° 1.57567' E,46° 51.45479' N,2218.65,5
250.13,501.5,15.54,49.76,788.78,171.97,628.5,663.1,26;9;30;12;10;49,11° 1.57572' E,46° 51.45441' N,2220.3,5
251.13,503.0,15.58,49.42,788.77,171.62,649.0,684.6,26;9;30;12;11;49,11° 1.57591' E,46° 51.45466' N,2221.15,5
252.13,503.0,15.49,49.44,788.78,174.3,619.9,654.7,26;9;30;12;12;40,11° 1.57587' E,46° 51.4548' N,2219.9,5
253.13,503.0,15.5,49.01,788.78,173.49,654.0,690.1,26;9;30;12;13;49,11° 1.57568' E,46° 51.45525' N,2217.9,5
254.13,504.5,15.43,49.6,788.77,174.12,644.1,679.5,26;9;30;12;14;49,11° 1.57581' E,46° 51.45508' N,2218.6,5
255.13,503.5,15.44,49.92,788.77,169.02,666.3,702.7,26;9;30;12;15;49,11° 1.57607' E,46° 51.45502' N,2219.0,5
256.13,498.5,15.52,49.37,788.78,170.66,639.4,674.5,26;9;30;12;16;49,11° 1.57561' E,46° 51.45517' N,2217.65,5
257.13,497.0,15.43,49.28,788.79,174.21,647.9,683.4,26;9;30;12;17;40,11° 1.57565' E,46° 51.45519' N,2217.9,5
258.13,499.5,15.22,49.78,788.83,175.48,607.5,640.8,26;9;30;12;18;49,11° 1.57579' E,46° 51.45509' N,2217.9,5
259.13,494.5,15.14,49.3,788.82,177.06,596.3,629.1,26;9;30;12;19;49,11° 1.5757' E,46° 51.45533' N,2214.7,5
260.13,484.5,15.07,48.98,788.82,180.69,583.3,615.6,26;9;30;12;20;49,11° 1.57607' E,46° 51.45501' N,2216.5,5
261.13,481.5,15.06,49.48,788.82,180.5,587.2,620.0,26;9;30;12;21;40,11° 1.57608' E,46° 51.45496' N,2218.3,5
262.13,480.0,15.19,49.01,788.83,179.14,570.6,602.2,26;9;30;12;22;49,11° 1.57527' E,46° 51.45534' N,2217.3,5
263.13,476.0,15.12,48.93,788.84,181.38,585.6,618.1,26;9;30;12;23;49,11° 1.57549' E,46° 51.4549' N,2217.7,5
264.13,468.5,15.0,48.9,788.83,184.17,551.1,582.2,26;9;30;12;24;40,11° 1.57553' E,46° 51.45503' N,2217.7,5
265.13,469.0,14.97,48.73,788.82,182.66,582.6,614.9,26;9;30;12;25;40,11° 1.57612' E,46° 51.4552' N,2215.8,5
266.13,440.5,14.98,49.43,788.82,181.38,566.6,598.5,26;9;30;12;26;40,11° 1.5766' E,46° 51.45477' N,2217.9,5
267.13,443.5,15.09,49.5,788.81,178.19,588.4,621.6,26;9;30;12;27;40,11° 1.57581' E,46° 51.45516' N,2217.4,5
268.13,448.0,15.07,48.69,788.81,182.87,585.2,618.1,26;9;30;12;28;40,11° 1.57527' E,46° 51.45512' N,2216.1,5
269.13,449.0,14.9,49.26,788.81,184.07,570.0,602.4,26;9;30;12;29;40,11° 1.5756' E,46° 51.45507' N,2216.9,5
270.13,468.5,14.9,48.91,788.81,183.76,576.1,608.7,26;9;30;12;30;40,11° 1.57557' E,46° 51.45508' N,2216.5,5
271.13,469.5,14.86,49.33,788.81,183.16,568.1,599.5,26;9;30;12;31;40,11° 1.57754' E,46° 51.45534' N,2216.1,5
272.13,468.0,14.85,49.91,788.79,180.3,554.4,586.8,26;9;30;12;32;49,11° 1.57568' E,46° 51.45534' N,2216.6,5
273.13,466.5,14.86,49.34,788.81,181.87,579.8,613.1,26;9;30;12;33;40,11° 1.57581' E,46° 51.45495' N,2214.9,5
Tijd,CO2,TempBME,RHBME,Press,Rvoc,PM2.5,PM10,TijdGPS,LengteGr,BreedteGr,Hoogte,Sensornummer
Tijd,CO2,TempBME,RHBME,Press,Rvoc,PM2.5,PM10,TijdGPS,LengteGr,BreedteGr,Hoogte,Sensornummer
Tijd,CO2,TempBME,RHBME,Press,Rvoc,PM2.5,PM10,TijdGPS,LengteGr,BreedteGr,Hoogte,Sensornummer
Tijd,CO2,TempBME,RHBME,Press,Rvoc,PM2.5,PM10,TijdGPS,LengteGr,BreedteGr,Hoogte,Sensornummer
Tijd,CO2,TempBME,RHBME,Press,Rvoc,PM2.5,PM10,TijdGPS,LengteGr,BreedteGr,Hoogte,Sensornummer
Tijd,CO2,TempBME,RHBME,Press,Rvoc,PM2.5,PM10,TijdGPS,LengteGr,BreedteGr,Hoogte,Sensornummer
Tijd,CO2,TempBME,RHBME,Press,Rvoc,PM2.5,PM10,TijdGPS,LengteGr,BreedteGr,Hoogte,Sensornummer
Tijd,CO2,TempBME,RHBME,Press,Rvoc,PM2.5,PM10,TijdGPS,LengteGr,BreedteGr,Hoogte,Sensornummer
Tijd,CO2,TempBME,RHBME,Press,Rvoc,PM2.5,PM10,TijdGPS,LengteGr,BreedteGr,Hoogte,Sensornummer
Tijd,CO2,TempBME,RHBME,Press,Rvoc,PM2.5,PM10,TijdGPS,LengteGr,BreedteGr,Hoogte,Sensornummer
Tijd,CO2,TempBME,RHBME,Press,Rvoc,PM2.5,PM10,TijdGPS,LengteGr,BreedteGr,Hoogte,Sensornummer
Tijd,CO2,TempBME,RHBME,Press,Rvoc,PM2.5,PM10,TijdGPS,LengteGr,BreedteGr,Hoogte,Sensornummer
Tijd,CO2,TempBME,RHBME,Press,Rvoc,PM2.5,PM10,TijdGPS,LengteGr,BreedteGr,Hoogte,Sensornummer
Tijd,CO2,TempBME,RHBME,Press,Rvoc,PM2.5,PM10,TijdGPS,LengteGr,BreedteGr,Hoogte,Sensornummer
Tijd,CO2,TempBME,RHBME,Press,Rvoc,PM2.5,PM10,TijdGPS,LengteGr,BreedteGr,Hoogte,Sensornummer
Tijd,CO2,TempBME,RHBME,Press,Rvoc,PM2.5,PM10,TijdGPS,LengteGr,BreedteGr,Hoogte,Sensornummer
Tijd,CO2,TempBME,RHBME,Press,Rvoc,PM2.5,PM10,TijdGPS,LengteGr,BreedteGr,Hoogte,Sensornummer
Tijd,CO2,TempBME,RHBME,Press,Rvoc,PM2.5,PM10,TijdGPS,LengteGr,BreedteGr,Hoogte,Sensornummer
Tijd,CO2,TempBME,RHBME,Press,Rvoc,PM2.5,PM10,TijdGPS,LengteGr,BreedteGr,Hoogte,Sensornummer
Tijd,CO2,TempBME,RHBME,Press,Rvoc,PM2.5,PM10,TijdGPS,LengteGr,BreedteGr,Hoogte,Sensornummer
1.14,586.5,22.62,43.22,815.22,25.25,323.9,343.7,0;0;0;0;0;0,0,0,0,5
2.14,1102.5,22.78,42.4,815.19,38.27,665.15,705.3,0;0;0;0;0;0,0,0,0,5
3.14,1167.5,22.86,42.38,815.19,51.87,684.4,725.3,0;0;0;0;0;0,0,0,0,5
4.14,1089.5,22.93,42.27,815.19,61.22,677.8,718.1,0;0;0;0;0;0,0,0,0,5
Tijd,CO2,TempBME,RHBME,Press,Rvoc,PM2.5,PM10,TijdGPS,LengteGr,BreedteGr,Hoogte,Sensornummer
Tijd,CO2,TempBME,RHBME,Press,Rvoc,PM2.5,PM10,TijdGPS,LengteGr,BreedteGr,Hoogte,Sensornummer
Tijd,CO2,TempBME,RHBME,Press,Rvoc,PM2.5,PM10,TijdGPS,LengteGr,BreedteGr,Hoogte,Sensornummer
Tijd,CO2,TempBME,RHBME,Press,Rvoc,PM2.5,PM10,TijdGPS,LengteGr,BreedteGr,Hoogte,Sensornummer
Tijd,CO2,TempBME,RHBME,Press,Rvoc,PM2.5,PM10,TijdGPS,LengteGr,BreedteGr,Hoogte,Sensornummer
Tijd,CO2,TempBME,RHBME,Press,Rvoc,PM2.5,PM10,TijdGPS,LengteGr,BreedteGr,Hoogte,Sensornummer
Tijd,CO2,TempBME,RHBME,Press,Rvoc,PM2.5,PM10,TijdGPS,LengteGr,BreedteGr,Hoogte,Sensornummer
Tijd,CO2,TempBME,RHBME,Press,Rvoc,PM2.5,PM10,TijdGPS,LengteGr,BreedteGr,Hoogte,Sensornummer
Tijd,CO2,TempBME,RHBME,Press,Rvoc,PM2.5,PM10,TijdGPS,LengteGr,BreedteGr,Hoogte,Sensornummer
Tijd,CO2,TempBME,RHBME,Press,Rvoc,PM2.5,PM10,TijdGPS,LengteGr,BreedteGr,Hoogte,Sensornummer
Tijd,CO2,TempBME,RHBME,Press,Rvoc,PM2.5,PM10,TijdGPS,LengteGr,BreedteGr,Hoogte,Sensornummer
Tijd,CO2,TempBME,RHBME,Press,Rvoc,PM2.5,PM10,TijdGPS,LengteGr,BreedteGr,Hoogte,Sensornummer
Tijd,CO2,TempBME,RHBME,Press,Rvoc,PM2.5,PM10,TijdGPS,LengteGr,BreedteGr,Hoogte,Sensornummer
Tijd,CO2,TempBME,RHBME,Press,Rvoc,PM2.5,PM10,TijdGPS,LengteGr,BreedteGr,Hoogte,Sensornummer
Tijd,CO2,TempBME,RHBME,Press,Rvoc,PM2.5,PM10,TijdGPS,LengteGr,BreedteGr,Hoogte,Sensornummer
Tijd,CO2,TempBME,RHBME,Press,Rvoc,PM2.5,PM10,TijdGPS,LengteGr,BreedteGr,Hoogte,Sensornummer
Tijd,CO2,TempBME,RHBME,Press,Rvoc,PM2.5,PM10,TijdGPS,LengteGr,BreedteGr,Hoogte,Sensornummer
Tijd,CO2,TempBME,RHBME,Press,Rvoc,PM2.5,PM10,TijdGPS,LengteGr,BreedteGr,Hoogte,Sensornummer
Tijd,CO2,TempBME,RHBME,Press,Rvoc,PM2.5,PM10,TijdGPS,LengteGr,BreedteGr,Hoogte,Sensornummer
Tijd,CO2,TempBME,RHBME,Press,Rvoc,PM2.5,PM10,TijdGPS,LengteGr,BreedteGr,Hoogte,Sensornummer
Tijd,CO2,TempBME,RHBME,Press,Rvoc,PM2.5,PM10,TijdGPS,LengteGr,BreedteGr,Hoogte,Sensornummer
Tijd,CO2,TempBME,RHBME,Press,Rvoc,PM2.5,PM10,TijdGPS,LengteGr,BreedteGr,Hoogte,Sensornummer
Tijd,CO2,TempBME,RHBME,Press,Rvoc,PM2.5,PM10,TijdGPS,LengteGr,BreedteGr,Hoogte,Sensornummer
Tijd,CO2,TempBME,RHBME,Press,Rvoc,PM2.5,PM10,TijdGPS,LengteGr,BreedteGr,Hoogte,Sensornummer
Tijd,CO2,TempBME,RHBME,Press,Rvoc,PM2.5,PM10,TijdGPS,LengteGr,BreedteGr,Hoogte,Sensornummer
Tijd,CO2,TempBME,RHBME,Press,Rvoc,PM2.5,PM10,TijdGPS,LengteGr,BreedteGr,Hoogte,Sensornummer
